Ecospace-environmental-drivers/Outputs/ASCII-for-ecospace/MOM6-ISIMIP3a/phyc-vint/1997-03_phyc-vint_MOM6-ISIMIP3a.asc
NCOLS 131 
NROWS 53 
XLLCORNER -98 
YLLCORNER 23.9265270233154 
CELLSIZE 0.133587792515755 
NODATA_value -9999 
[rows 20 to 39 of 53, columns 46 to 91 of 131]
0.150084480643272 0.150911748409271 0.151016712188721 0.150916233658791 0.147253349423409 0.143383428454399 0.143768817186356 0.143921598792076 0.142891138792038 0.141750037670135 0.14034178853035 0.14153228700161 0.146290525794029 0.151689440011978 0.157612517476082 0.159826323390007 0.160283148288727 0.164701521396637 0.170066431164742 0.165800854563713 0.161411225795746 0.164845511317253 0.167796418070793 0.168724372982979 0.167907938361168 0.163408979773521 0.160802558064461 0.160509213805199 0.161411270499229 0.163184031844139 0.165157243609428 0.167213454842567 0.167220935225487 0.166825667023659 0.163832202553749 0.161193639039993 0.16296212375164 0.163087919354439 0.157437920570374 0.153087332844734 0.151149898767471 0.15955463051796 0.179227486252785 0.179684415459633 0.167707711458206 0.161697342991829
0.150349766016006 0.150685504078865 0.148857787251472 0.146414786577225 0.146639689803123 0.147159829735756 0.148278057575226 0.148814633488655 0.14639239013195 0.144112065434456 0.142174392938614 0.141801446676254 0.143576681613922 0.151087805628777 0.163291856646538 0.169480875134468 0.172820687294006 0.164259552955627 0.15285487473011 0.154114440083504 0.156390637159348 0.160800859332085 0.164420500397682 0.164731547236443 0.16345126926899 0.158811569213867 0.155650213360786 0.154295712709427 0.155841842293739 0.159500733017921 0.161678433418274 0.16324271261692 0.163273483514786 0.1630028039217 0.158999785780907 0.155677005648613 0.160349518060684 0.16255621612072 0.156093046069145 0.151527360081673 0.150485545396805 0.162321731448174 0.188188940286636 0.188444167375565 0.172127231955528 0.163796007633209
0.141971662640572 0.141309648752213 0.140187755227089 0.138935074210167 0.138862490653992 0.138963028788567 0.140475958585739 0.141622602939606 0.140905991196632 0.139964610338211 0.138480484485626 0.139215856790543 0.142998293042183 0.151255667209625 0.16317430138588 0.165717884898186 0.163820713758469 0.155712619423866 0.14612053334713 0.145953461527824 0.146599277853966 0.149652451276779 0.152527093887329 0.154654532670975 0.155264049768448 0.152669131755829 0.150755360722542 0.149674087762833 0.151302933692932 0.154905810952187 0.157681703567505 0.160115137696266 0.159428790211678 0.158129185438156 0.155164033174515 0.152592942118645 0.154474094510078 0.155663937330246 0.154423087835312 0.152666002511978 0.149950221180916 0.155699849128723 0.170672819018364 0.176497519016266 0.176402851939201 0.168539151549339
0.132595866918564 0.131029188632965 0.130814373493195 0.130984038114548 0.130429491400719 0.129888772964478 0.131722763180733 0.133429929614067 0.134492039680481 0.134966060519218 0.134020119905472 0.135893419384956 0.141637146472931 0.150186955928802 0.161032646894455 0.15969429910183 0.15258464217186 0.146115332841873 0.139799028635025 0.137907385826111 0.136522322893143 0.138086408376694 0.140119642019272 0.144116267561913 0.146684616804123 0.146237716078758 0.14564548432827 0.14487561583519 0.146521762013435 0.149927705526352 0.153300434350967 0.156659409403801 0.155301123857498 0.153015539050102 0.151148185133934 0.149354577064514 0.148130148649216 0.148102432489395 0.15228234231472 0.153469458222389 0.14909864962101 0.148417443037033 0.151756182312965 0.16327790915966 0.180094420909882 0.172786191105843
0.117728836834431 0.117436155676842 0.118100196123123 0.119036316871643 0.120268173515797 0.121534124016762 0.122903406620026 0.124066568911076 0.124181248247623 0.124186493456364 0.12392745912075 0.1240359172225 0.124648869037628 0.127736747264862 0.132849544286728 0.133400142192841 0.131789728999138 0.129474177956581 0.126990139484406 0.127282083034515 0.127788826823235 0.128646045923233 0.130041629076004 0.133690312504768 0.136368706822395 0.13699871301651 0.136660367250443 0.135138496756554 0.136434882879257 0.139784023165703 0.143231004476547 0.146718516945839 0.14637354016304 0.145275175571442 0.142895713448524 0.140481978654861 0.138196870684624 0.137572214007378 0.14278581738472 0.145316600799561 0.142865106463432 0.142154112458229 0.143339455127716 0.155337184667587 0.174331039190292 0.165490210056305
0.104907892644405 0.10564137250185 0.107006348669529 0.108550913631916 0.111237093806267 0.113980680704117 0.115119270980358 0.11595730483532 0.11526645720005 0.114860855042934 0.115144021809101 0.113730639219284 0.109988130629063 0.108494311571121 0.108840316534042 0.111010245978832 0.114044137299061 0.115208573639393 0.115926325321198 0.117873832583427 0.119794368743896 0.120092794299126 0.120921798050404 0.123971335589886 0.126480162143707 0.127847522497177 0.127766937017441 0.125916674733162 0.126896306872368 0.129937171936035 0.133205220103264 0.136567354202271 0.13702680170536 0.136915653944016 0.13438792526722 0.131747245788574 0.128877267241478 0.12793180346489 0.133752956986427 0.137336105108261 0.136762976646423 0.13668817281723 0.137156307697296 0.148036152124405 0.165652886033058 0.155881732702255
0.101058468222618 0.10173137485981 0.103017203509808 0.104477345943451 0.107161805033684 0.109940312802792 0.111874312162399 0.113346949219704 0.112472660839558 0.111910305917263 0.112101152539253 0.110231474041939 0.105532974004745 0.103317089378834 0.103132419288158 0.105739489197731 0.10966894030571 0.11135908216238 0.112514175474644 0.113801956176758 0.115040466189384 0.11542933434248 0.116003349423409 0.117352277040482 0.118465557694435 0.119081392884254 0.119275532662868 0.11895427107811 0.119761921465397 0.121391847729683 0.123370759189129 0.125494197010994 0.125842213630676 0.125841245055199 0.124760650098324 0.123617053031921 0.122248567640781 0.122192904353142 0.126753211021423 0.130111366510391 0.131237015128136 0.134718492627144 0.140766710042953 0.143540009856224 0.144194275140762 0.136133506894112
0.0989303290843964 0.0993960648775101 0.100289188325405 0.101303853094578 0.103779800236225 0.106368623673916 0.107966765761375 0.109126552939415 0.108056485652924 0.10735098272562 0.107525765895844 0.105860523879528 0.101669184863567 0.0997921526432037 0.0998086258769035 0.102546133100986 0.106572538614273 0.108271658420563 0.109414711594582 0.11000868678093 0.11055488884449 0.110954880714417 0.111312955617905 0.111495651304722 0.111662894487381 0.111797489225864 0.112183690071106 0.112877391278744 0.113562799990177 0.114242166280746 0.115350097417831 0.116635523736477 0.117044597864151 0.117281399667263 0.117171913385391 0.117058850824833 0.117036111652851 0.117842257022858 0.121562778949738 0.124610058963299 0.126407042145729 0.130852550268173 0.13818371295929 0.135001242160797 0.125015944242477 0.118771441280842
0.100557796657085 0.100496500730515 0.100312769412994 0.100094228982925 0.101910442113876 0.10381955653429 0.102613553404808 0.101393289864063 0.100100517272949 0.0992815569043159 0.0996066629886627 0.0995874926447868 0.0990956872701645 0.0998722612857819 0.101686574518681 0.103885382413864 0.106266312301159 0.1068469658494 0.106997467577457 0.106823302805424 0.106654770672321 0.106892824172974 0.107120148837566 0.107302561402321 0.107504479587078 0.107747584581375 0.108145490288734 0.108732618391514 0.109404295682907 0.110137566924095 0.111286908388138 0.112608566880226 0.113454982638359 0.114207990467548 0.114030994474888 0.113930493593216 0.114913702011108 0.116520531475544 0.120320037007332 0.122869022190571 0.123095646500587 0.12284929305315 0.122087627649307 0.117642067372799 0.110812872648239 0.106615647673607
0.101201519370079 0.100831374526024 0.100353881716728 0.0998458564281464 0.100685462355614 0.101526066660881 0.0986694395542145 0.0960725396871567 0.0947968661785126 0.0940033867955208 0.0943742170929909 0.0951807424426079 0.0965854302048683 0.0988524556159973 0.101825021207333 0.103758871555328 0.105200707912445 0.105161614716053 0.104768678545952 0.104278370738029 0.103823393583298 0.103980042040348 0.104158982634544 0.104431204497814 0.10474057495594 0.10512837767601 0.10562077909708 0.106241025030613 0.10675074160099 0.107179932296276 0.108436495065689 0.110035702586174 0.11132737249136 0.112558588385582 0.112496793270111 0.112476833164692 0.113333247601986 0.114634215831757 0.117498219013214 0.119180344045162 0.11866757273674 0.116005010902882 0.111000172793865 0.105656988918781 0.100094884634018 0.0975177809596062
0.100607603788376 0.10020312666893 0.100417032837868 0.100806809961796 0.10027115046978 0.0995541289448738 0.0964980944991112 0.093786932528019 0.092830054461956 0.0922368541359901 0.0925218090415001 0.0931219309568405 0.0941547304391861 0.0964488759636879 0.0997750088572502 0.101788304746151 0.103179737925529 0.103148333728313 0.10277695953846 0.102539166808128 0.102336592972279 0.102513141930103 0.102747328579426 0.103222705423832 0.103731073439121 0.104309104382992 0.105000138282776 0.105829283595085 0.105990529060364 0.105665281414986 0.107111856341362 0.109292209148407 0.111039064824581 0.112700700759888 0.112983979284763 0.113130077719688 0.11243461817503 0.11203757673502 0.112689785659313 0.113041363656521 0.112834639847279 0.110618814826012 0.106214001774788 0.100432962179184 0.0937614291906357 0.0922670587897301
0.100842699408531 0.100440867245197 0.101213112473488 0.102319270372391 0.100126422941685 0.0975939109921455 0.0950080528855324 0.0926909223198891 0.0917407646775246 0.0911225080490112 0.0913056805729866 0.0918175578117371 0.092780701816082 0.0950028449296951 0.0982550755143166 0.100355997681618 0.101911574602127 0.101875387132168 0.101458869874477 0.101275384426117 0.101123139262199 0.10119266808033 0.101372167468071 0.102011889219284 0.102701894938946 0.103498049080372 0.104471042752266 0.105660162866116 0.105908133089542 0.105470582842827 0.106490597128868 0.10811423510313 0.109873130917549 0.111658610403538 0.112665548920631 0.113414004445076 0.111918985843658 0.110379070043564 0.108681328594685 0.107848010957241 0.108620017766953 0.106912113726139 0.102502249181271 0.0972643196582794 0.0914905965328217 0.0906499400734901
0.1016995459795 0.10132809728384 0.102558895945549 0.104245364665985 0.100183881819248 0.0956424847245216 0.0940289944410324 0.092487134039402 0.091309629380703 0.0904973074793816 0.0905667617917061 0.091079019010067 0.0921991840004921 0.0942750051617622 0.0971326977014542 0.0993273928761482 0.101208038628101 0.101157709956169 0.100646011531353 0.100368164479733 0.100114688277245 0.0999820083379745 0.100024372339249 0.100799337029457 0.101657949388027 0.102693147957325 0.104010596871376 0.105673015117645 0.106334112584591 0.106265857815742 0.106396868824959 0.106610402464867 0.108048968017101 0.10972835123539 0.111742898821831 0.113420940935612 0.111690603196621 0.10942417383194 0.105272851884365 0.103363871574402 0.10561915487051 0.104465052485466 0.0995963215827942 0.0956372544169426 0.0922667756676674 0.09175805747509
0.102421887218952 0.102265864610672 0.102862052619457 0.103672169148922 0.0997861996293068 0.095524325966835 0.0940914899110794 0.0926252007484436 0.0909887552261353 0.0899331793189049 0.0902801677584648 0.0909845232963562 0.092179499566555 0.0939939245581627 0.0963151529431343 0.098468542098999 0.100542418658733 0.100609183311462 0.100196376442909 0.100030526518822 0.0998656898736954 0.0994687750935555 0.099287822842598 0.100010715425014 0.100867867469788 0.102008447051048 0.103473648428917 0.105335593223572 0.106432177126408 0.10697129368782 0.106833413243294 0.106415167450905 0.107396811246872 0.108653634786606 0.110239431262016 0.111608624458313 0.11074286699295 0.109091639518738 0.104678653180599 0.10253993421793 0.104624763131142 0.103117391467094 0.0976961925625801 0.0938712656497955 0.0910792127251625 0.0913455188274384
0.103086575865746 0.103225290775299 0.102718368172646 0.102027826011181 0.0991934537887573 0.096191868185997 0.0946003720164299 0.0929097831249237 0.0907151475548744 0.0893952324986458 0.0901874229311943 0.0911660417914391 0.0924006029963493 0.0939043238759041 0.0956282541155815 0.0976824387907982 0.0998930558562279 0.100133150815964 0.0999024212360382 0.0999369919300079 0.099942184984684 0.0992544442415237 0.0988132357597351 0.0994037836790085 0.100186593830585 0.101375266909599 0.10290390253067 0.104848049581051 0.106389716267586 0.107638217508793 0.107497215270996 0.106780782341957 0.107246942818165 0.107945583760738 0.108487047255039 0.109016612172127 0.10948683321476 0.109025821089745 0.105290584266186 0.103284671902657 0.10449030995369 0.102240905165672 0.0962271317839622 0.0920457541942596 0.0890500247478485 0.0902812629938126
0.101735278964043 0.101834535598755 0.101399213075638 0.10081185400486 0.0989022776484489 0.0968671813607216 0.0950971990823746 0.0932189673185349 0.0907900929450989 0.0893574059009552 0.0903300866484642 0.0915056094527245 0.0929596051573753 0.0942164212465286 0.0953119099140167 0.096995584666729 0.098957858979702 0.0993476808071136 0.099361777305603 0.0994842275977135 0.0995661094784737 0.0989492237567902 0.0986385121941566 0.0996091589331627 0.100612990558147 0.101686879992485 0.102889157831669 0.104248344898224 0.105357445776463 0.106284379959106 0.106805495917797 0.107158541679382 0.107627533376217 0.108119301497936 0.108615554869175 0.108899056911469 0.107102662324905 0.105379275977612 0.103912621736526 0.103053525090218 0.103322714567184 0.100113563239574 0.0931146219372749 0.0899017602205276 0.0891386643052101 0.0908409282565117
0.0999668762087822 0.0999575406312943 0.0998368561267853 0.0996845066547394 0.0986735001206398 0.0975441113114357 0.0955915376543999 0.0935332402586937 0.0909371674060822 0.0894230529665947 0.0905214473605156 0.0918778702616692 0.0935885161161423 0.0946116298437119 0.0950722321867943 0.0963292568922043 0.0979635342955589 0.0984981805086136 0.0987700894474983 0.0989571288228035 0.0990963950753212 0.0986252054572105 0.0985258370637894 0.0999825969338417 0.10126855969429 0.102193973958492 0.102989234030247 0.103625439107418 0.104120388627052 0.104512445628643 0.105833306908607 0.107538819313049 0.108117863535881 0.108475469052792 0.109133221209049 0.109293468296528 0.104485079646111 0.100991874933243 0.102122955024242 0.102620460093021 0.101941369473934 0.0977274104952812 0.0896620824933052 0.0876918733119965 0.089665487408638 0.0917365849018097
0.0985536500811577 0.0983670875430107 0.0983005911111832 0.0982682406902313 0.0973237454891205 0.0962753519415855 0.0949426963925362 0.0935784578323364 0.0920535996556282 0.0912686958909035 0.0922704860568047 0.0933840647339821 0.0946511179208755 0.0950022116303444 0.0946038961410522 0.0952604487538338 0.096416674554348 0.0971526578068733 0.0977882370352745 0.0982244461774826 0.0986231863498688 0.0986759588122368 0.098982997238636 0.100354172289371 0.101608462631702 0.102615997195244 0.103596344590187 0.104543454945087 0.104689508676529 0.104252092540264 0.104496620595455 0.105023570358753 0.106396436691284 0.107935592532158 0.107824042439461 0.10737569630146 0.104234337806702 0.10161904245615 0.100853376090527 0.100017622113228 0.0990516990423203 0.0961564406752586 0.0911591053009033 0.0890468284487724 0.0888013243675232 0.0895962119102478
0.0974059030413628 0.0970373153686523 0.0968904867768288 0.0968067198991776 0.0960381850600243 0.0952073708176613 0.0945873484015465 0.0939842015504837 0.0934668555855751 0.0933385193347931 0.0941494926810265 0.0949221327900887 0.095642127096653 0.0953039303421974 0.0940999314188957 0.0941959321498871 0.0949077010154724 0.0958770737051964 0.0969079956412315 0.0975614190101624 0.0981881767511368 0.0988042429089546 0.0995506197214127 0.100842349231243 0.102069891989231 0.103161923587322 0.104309841990471 0.105526059865952 0.105426177382469 0.104367665946484 0.103459618985653 0.102613881230354 0.104706674814224 0.107377111911774 0.106556199491024 0.105572365224361 0.104260079562664 0.102609626948833 0.0997701585292816 0.0975313857197762 0.0964081808924675 0.0949238538742065 0.0930460765957832 0.0908258929848671 0.0883841440081596 0.0879197418689728
0.0989203378558159 0.0983514115214348 0.0968136638402939 0.0950003862380981 0.0959728509187698 0.097210481762886 0.0979088023304939 0.0983640924096107 0.0975831672549248 0.0969493761658669 0.0966708585619926 0.0962584689259529 0.0956622958183289 0.0946599096059799 0.0933251604437828 0.093369372189045 0.0940667614340782 0.0955844223499298 0.0972980782389641 0.0977396890521049 0.0981623232364655 0.0995805859565735 0.10102441161871 0.102575205266476 0.10397844016552 0.105070158839226 0.105916082859039 0.106461592018604 0.107087269425392 0.107771344482899 0.105793543159962 0.102713376283646 0.104411147534847 0.107048153877258 0.1066018268466 0.106094308197498 0.106104418635368 0.105081498622894 0.100426368415356 0.0973254591226578 0.097110889852047 0.0969114303588867 0.0967284217476845 0.0954260900616646 0.0933994948863983 0.0926420465111732
