Ecospace-environmental-drivers/Outputs/ASCII-for-ecospace/MOM6-ISIMIP3a/phyc-vint/1997-07_phyc-vint_MOM6-ISIMIP3a.asc
NCOLS 131 
NROWS 53 
XLLCORNER -98 
YLLCORNER 23.9265270233154 
CELLSIZE 0.133587792515755 
NODATA_value -9999 
[rows 20 to 39 of 53, columns 0 to 44 of 131]
-9999 -9999 -9999 -9999 -9999 -9999 -9999 -9999 0.119961880147457 0.121012337505817 0.120763324201107 0.120709642767906 0.121510207653046 0.123734973371029 0.125125199556351 0.125552490353584 0.130297437310219 0.138007521629333 0.134960830211639 0.127760574221611 0.127899780869484 0.129334181547165 0.128424793481827 0.127278670668602 0.124587416648865 0.122031986713409 0.119916968047619 0.117920726537704 0.116131767630577 0.11864860355854 0.125596016645432 0.128028139472008 0.127709567546844 0.127459034323692 0.127231165766716 0.126158252358437 0.124960452318192 0.122638218104839 0.120259709656239 0.117522783577442 0.115028873085976 0.113211452960968 0.113774709403515 0.118017189204693 0.12027046084404
-9999 -9999 -9999 -9999 -9999 -9999 0.123271487653255 0.122737422585487 0.121740080416203 0.119961880147457 0.122311815619469 0.120763324201107 0.119855388998985 0.117150902748108 0.1207405179739 0.131592527031898 0.138075709342957 0.141558587551117 0.137739658355713 0.131101220846176 0.125321343541145 0.119692958891392 0.124301612377167 0.128439038991928 0.126781538128853 0.125154584646225 0.12362664937973 0.122024089097977 0.120291329920292 0.118721231818199 0.117318511009216 0.116011366248131 0.114762455224991 0.113868184387684 0.113092139363289 0.111381188035011 0.109536409378052 0.107049539685249 0.104548126459122 0.101954102516174 0.0994312912225723 0.0971067324280739 0.099078081548214 0.107688501477242 0.112010382115841
-9999 -9999 -9999 -9999 -9999 -9999 0.123409271240234 0.123271487653255 0.122203350067139 0.121523596346378 0.119961880147457 0.126210242509842 0.130897089838982 0.132494196295738 0.134370848536491 0.136570081114769 0.138721793889999 0.140840902924538 0.137206465005875 0.131350383162498 0.125730827450752 0.120153024792671 0.122471675276756 0.124548427760601 0.123168535530567 0.121780455112457 0.120365828275681 0.118920214474201 0.117420509457588 0.115752890706062 0.113912492990494 0.112281665205956 0.110778510570526 0.109589137136936 0.108504362404346 0.107242956757545 0.105947427451611 0.103301279246807 0.100717879831791 0.0985340625047684 0.0965268611907959 0.095011293888092 0.0959752947092056 0.100771307945251 0.103277496993542
-9999 -9999 -9999 -9999 0.12358882278204 0.123643830418587 0.123439341783524 0.123516984283924 0.123271487653255 0.121135212481022 0.121725812554359 0.132753774523735 0.142095565795898 0.148100882768631 0.147996261715889 0.140841722488403 0.138484448194504 0.13942164182663 0.136096879839897 0.131126433610916 0.126237645745277 0.121363274753094 0.120894394814968 0.120433822274208 0.119238652288914 0.118008032441139 0.116662442684174 0.11533846706152 0.114052198827267 0.112566605210304 0.110875904560089 0.10918191075325 0.107485912740231 0.106045015156269 0.10468915104866 0.103940770030022 0.103261590003967 0.10053052008152 0.0979299619793892 0.0961605682969093 0.0946784988045692 0.0939962714910507 0.093807153403759 0.0943801403045654 0.0948785468935966
-9999 -9999 -9999 -9999 0.123364068567753 0.123908050358295 0.123848311603069 0.123439341783524 0.123840115964413 0.128940895199776 0.133718505501747 0.137259066104889 0.139763951301575 0.140219464898109 0.138672217726707 0.134814068675041 0.132722541689873 0.131844207644463 0.129680350422859 0.127020120620728 0.124557562172413 0.122129894793034 0.120575271546841 0.119034670293331 0.117451578378677 0.115910269320011 0.114504404366016 0.11302012950182 0.111399009823799 0.109644129872322 0.107751607894897 0.105957575142384 0.104223541915417 0.102807700634003 0.101497910916805 0.100929386913776 0.100455231964588 0.098859429359436 0.0972596853971481 0.0956348478794098 0.0941439643502235 0.0930259898304939 0.092344731092453 0.092338390648365 0.0925902798771858
-9999 -9999 -9999 -9999 -9999 0.123364068567753 0.124980479478836 0.124257281422615 0.125936567783356 0.136282950639725 0.143816009163857 0.140580803155899 0.137058809399605 0.132969304919243 0.130209177732468 0.128982901573181 0.127148315310478 0.124895945191383 0.123770400881767 0.123079977929592 0.122685089707375 0.122342355549335 0.12015812844038 0.117975875735283 0.116146057844162 0.114390134811401 0.112873807549477 0.111204378306866 0.10926778614521 0.107258893549442 0.105175606906414 0.103257536888123 0.101440101861954 0.099965862929821 0.0986060202121735 0.0980402305722237 0.0975818932056427 0.0968054234981537 0.0959319993853569 0.0944411084055901 0.0929714664816856 0.0915609896183014 0.0905364379286766 0.0901083275675774 0.0901543647050858
-9999 -9999 -9999 -9999 -9999 0.122857451438904 0.123364068567753 0.128861218690872 0.13473205268383 0.141592085361481 0.145603731274605 0.138712987303734 0.13271589577198 0.128487080335617 0.125521436333656 0.124013289809227 0.122397013008595 0.120706476271152 0.120081707835197 0.119868479669094 0.119969047605991 0.120124980807304 0.119311206042767 0.118409492075443 0.116951994597912 0.115402713418007 0.113555863499641 0.111592337489128 0.109425202012062 0.107229299843311 0.105003789067268 0.102856405079365 0.100756630301476 0.098858118057251 0.0970266982913017 0.0956870391964912 0.0944148451089859 0.093072421848774 0.0917217209935188 0.0903183072805405 0.0890017002820969 0.0879267528653145 0.0872116163372993 0.087052546441555 0.0870710760354996
-9999 -9999 0.121845729649067 0.121941767632961 0.122014604508877 0.122350230813026 0.122858047485352 0.131323173642159 0.139759346842766 0.142944857478142 0.143706694245338 0.135191679000854 0.128165438771248 0.124085046350956 0.121125437319279 0.11945903301239 0.118212029337883 0.117253050208092 0.117271654307842 0.117667734622955 0.11829524487257 0.118963591754436 0.119063511490822 0.119014762341976 0.117830790579319 0.116434939205647 0.114352084696293 0.11215877532959 0.109772704541683 0.10737781226635 0.104973830282688 0.102576032280922 0.100182004272938 0.0978725925087929 0.0955913960933685 0.093639150261879 0.0917335376143456 0.0899897292256355 0.0882924795150757 0.0868917629122734 0.0856258943676949 0.0847353860735893 0.0842418298125267 0.0843617394566536 0.0844424962997437
-9999.000000000000000 -9999 -9999 -9999 0.1214604601264 0.121678978204727 0.121369622647762 0.129111588001251 0.136565029621124 0.135665506124496 0.133770063519478 0.128062725067139 0.123162172734737 0.119858011603355 0.11736598610878 0.11581102758646 0.115262664854527 0.115405566990376 0.116378657519817 0.117672301828861 0.118895471096039 0.12010619789362 0.120123267173767 0.119994528591633 0.118868559598923 0.11751002073288 0.115397393703461 0.11311462521553 0.110534936189651 0.107914924621582 0.105253420770168 0.102559134364128 0.0998448804020882 0.0971537455916405 0.0944703221321106 0.0922573879361153 0.090112067759037 0.0883259177207947 0.0865673422813416 0.0849843695759773 0.08354602009058 0.0825102850794792 0.0820466727018356 0.0824672356247902 0.0828060060739517
-9999 -9999 -9999 -9999 0.120763942599297 0.120352171361446 0.120407067239285 0.127077847719193 0.133336916565895 0.130684241652489 0.127715870738029 0.123539060354233 0.119773752987385 0.116822704672813 0.114531487226486 0.113001614809036 0.113007225096226 0.114067323505878 0.1158357411623 0.117877669632435 0.11948674172163 0.121019423007965 0.121015854179859 0.120861366391182 0.119729593396187 0.118361189961433 0.116225525736809 0.113871224224567 0.111135371029377 0.108296923339367 0.10535291582346 0.102387838065624 0.0994099229574203 0.0964873433113098 0.0935831964015961 0.0912459120154381 0.0889898911118507 0.0871399268507957 0.0853084027767181 0.0835942327976227 0.0820720493793488 0.0810842961072922 0.0807055905461311 0.0812681242823601 0.0817525312304497
-9999 -9999 -9999 -9999 0.120306424796581 0.120260678231716 0.12020418792963 0.125267848372459 0.13006629049778 0.12859420478344 0.126546055078506 0.122293055057526 0.118416965007782 0.115286685526371 0.112860664725304 0.111247234046459 0.111624822020531 0.11336974054575 0.115733273327351 0.11833567917347 0.120066747069359 0.121644057333469 0.121698118746281 0.121586121618748 0.120368279516697 0.118930660188198 0.116780437529087 0.114377148449421 0.111532241106033 0.108483776450157 0.10522585362196 0.102022312581539 0.0988518968224525 0.0958869159221649 0.092990405857563 0.090700276196003 0.0884958580136299 0.0865550711750984 0.084635965526104 0.0828548669815063 0.0813603550195694 0.0806636437773705 0.0804389864206314 0.0809438601136208 0.081432543694973
-9999 -9999 -9999 -9999 0.120260678231716 0.120192296802998 0.120112031698227 0.120100721716881 0.12010957300663 0.120361797511578 0.120328471064568 0.11920215934515 0.117446139454842 0.114444099366665 0.111926347017288 0.1099673807621 0.110567823052406 0.112925916910172 0.115722492337227 0.118688382208347 0.120330199599266 0.121738351881504 0.121704541146755 0.121503815054893 0.120175257325172 0.118641763925552 0.116443730890751 0.113998241722584 0.111120887100697 0.108037330210209 0.104741588234901 0.101593814790249 0.0985361859202385 0.0956715047359467 0.0928711369633675 0.0906152427196503 0.0884357318282127 0.0864125788211823 0.0844120234251022 0.0825553759932518 0.081046000123024 0.0805033221840858 0.0803907886147499 0.0809430032968521 0.0815021619200706
-9999 -9999 -9999 -9999 0.12018833309412 0.120112031698227 0.109157979488373 0.112415716052055 0.105138219892979 0.107522577047348 0.110325001180172 0.114727579057217 0.116764783859253 0.114121586084366 0.111544415354729 0.109043426811695 0.109754875302315 0.112672433257103 0.115780495107174 0.118962116539478 0.120356224477291 0.121434882283211 0.121204070746899 0.120816200971603 0.119358457624912 0.117709077894688 0.11543831974268 0.112955696880817 0.110103353857994 0.107115909457207 0.1039894297719 0.101118102669716 0.0984022170305252 0.0957448557019234 0.0931070074439049 0.0908756703138351 0.0887010544538498 0.0866018608212471 0.0845244526863098 0.0825858041644096 0.0810296460986137 0.0805382505059242 0.0805063918232918 0.0811847150325775 0.0818639993667603
-9999 -9999 -9999 -9999 0.120112031698227 0.0980829149484634 0.0900724306702614 0.0840034410357475 0.0871681869029999 0.097751222550869 0.107054069638252 0.111456885933876 0.114087887108326 0.113212957978249 0.111242838203907 0.108009062707424 0.108485758304596 0.11151060461998 0.114871993660927 0.118363343179226 0.119501926004887 0.120225317776203 0.119740642607212 0.119127236306667 0.117661535739899 0.116038993000984 0.113907866179943 0.111629255115986 0.109093263745308 0.106399863958359 0.103544481098652 0.100823014974594 0.0981831327080727 0.0955215021967888 0.0928526222705841 0.0905852243304253 0.0883745327591896 0.086332269012928 0.0843240991234779 0.0825330913066864 0.0811125710606575 0.0807233899831772 0.080752044916153 0.0814264491200447 0.082086369395256
-9999 -9999 -9999 -9999 -9999 0.076042428612709 0.0729892253875732 0.0737981423735619 0.0679129883646965 0.0892946869134903 0.106668554246426 0.108702152967453 0.110555738210678 0.112053126096725 0.110975712537766 0.106927372515202 0.107021145522594 0.109959483146667 0.113549284636974 0.117390632629395 0.118270337581635 0.118627406656742 0.11786450445652 0.117009118199348 0.115587420761585 0.11405286937952 0.112152397632599 0.110181137919426 0.108086362481117 0.105771839618683 0.103231199085712 0.100605346262455 0.0979275703430176 0.0951709747314453 0.0923881158232689 0.0900586992502213 0.0877943709492683 0.0858660116791725 0.0839896947145462 0.0824447497725487 0.0812380388379097 0.0809729099273682 0.0810534432530403 0.0816681906580925 0.0822489634156227
-9999 -9999 -9999 -9999 -9999 0.0658288672566414 0.0650656372308731 0.0611660853028297 0.0631182491779327 0.0867292359471321 0.105921782553196 0.108202368021011 0.110162511467934 0.111488565802574 0.11018317937851 0.105841524899006 0.105239614844322 0.107205957174301 0.110701121389866 0.114786610007286 0.115882359445095 0.116450518369675 0.115710347890854 0.114910051226616 0.113847374916077 0.112699113786221 0.111273340880871 0.10974445194006 0.10803560167551 0.105777338147163 0.102953732013702 0.0998573079705238 0.0965946689248085 0.093633197247982 0.0907721072435379 0.0886181816458702 0.0865653231739998 0.0849746242165565 0.0834293738007545 0.0821736082434654 0.0812096446752548 0.0810579806566238 0.0812021791934967 0.0818036124110222 0.0823711454868317
-9999 -9999 -9999 -9999 -9999 0.06051105260849 0.0594317428767681 0.0602326914668083 0.0613153837621212 0.0853826627135277 0.105100259184837 0.108169138431549 0.110418729484081 0.111047171056271 0.109281949698925 0.104754820466042 0.103392519056797 0.104203656315804 0.107537336647511 0.111845068633556 0.113255128264427 0.114153832197189 0.11349868029356 0.1128149330616 0.112176455557346 0.111476197838783 0.110575623810291 0.109517022967339 0.108182668685913 0.105913914740086 0.102683678269386 0.0989995375275612 0.0950388759374619 0.0918497666716576 0.0889178514480591 0.0869885683059692 0.0852020308375359 0.0839952751994133 0.0828223153948784 0.0818646475672722 0.0811494141817093 0.0811090394854546 0.0813193321228027 0.0819170251488686 0.0824849680066109
-9999 -9999 -9999 -9999 -9999 -9999 0.0570357702672482 0.0568964555859566 0.0588514469563961 0.0840803980827332 0.104745753109455 0.107943587005138 0.110088475048542 0.11014986038208 0.108201168477535 0.103933170437813 0.101890854537487 0.10137702524662 0.10338432341814 0.106365121901035 0.108624041080475 0.110755570232868 0.111316345632076 0.111779674887657 0.111717581748962 0.111538022756577 0.110977567732334 0.109963156282902 0.10815654695034 0.105036497116089 0.100564941763878 0.0962953791022301 0.0921488627791405 0.0892094820737839 0.0866724774241447 0.0851728245615959 0.0838203057646751 0.0829906985163689 0.0821784362196922 0.0814766064286232 0.0809739232063293 0.081025630235672 0.0813037976622581 0.0819319412112236 0.0825208947062492
-9999 -9999 -9999 -9999 -9999 -9999 0.0547745935618877 0.0539781674742699 0.056485615670681 0.0828476622700691 0.104432985186577 0.107735052704811 0.109768845140934 0.109293073415756 0.10718496888876 0.103193424642086 0.100512400269508 0.0987313762307167 0.0993487611413002 0.100892260670662 0.103817164897919 0.106985844671726 0.108819216489792 0.110501348972321 0.111166827380657 0.111633569002151 0.11145593225956 0.110452838242054 0.108009234070778 0.103961110115051 0.0982619747519493 0.0934607535600662 0.0892065241932869 0.086558885872364 0.0844467729330063 0.0833766609430313 0.0824538245797157 0.0819847360253334 0.0815184935927391 0.0810703560709953 0.0807777568697929 0.080918163061142 0.0812615305185318 0.0819185599684715 0.0825307741761208
-9999 -9999 -9999 -9999 -9999 -9999 0.0555196180939674 0.0534491613507271 0.0554821044206619 0.0823353454470634 0.104342326521873 0.107799865305424 0.109842710196972 0.109086282551289 0.106943383812904 0.10320071130991 0.100283205509186 0.0979323834180832 0.0970386415719986 0.0967075303196907 0.0980922803282738 0.0997798219323158 0.102950103580952 0.106123939156532 0.109056919813156 0.111475124955177 0.112224221229553 0.111085370182991 0.106651872396469 0.10125832259655 0.0948769003152847 0.0901163667440414 0.0863432660698891 0.0842076167464256 0.082617774605751 0.081878237426281 0.0812586396932602 0.0809759572148323 0.0807048752903938 0.0805076733231544 0.0804160311818123 0.0806182250380516 0.0809974893927574 0.081650398671627 0.0823000445961952
