Ecospace-environmental-drivers/Outputs/ASCII-for-ecospace/MOM6-ISIMIP3a/phyc-vint/1999-01_phyc-vint_MOM6-ISIMIP3a.asc
NCOLS 131 
NROWS 53 
XLLCORNER -98 
YLLCORNER 23.9265270233154 
CELLSIZE 0.133587792515755 
NODATA_value -9999 
[rows 20 to 39 of 53, columns 0 to 44 of 131]
-9999 -9999 -9999 -9999 -9999 -9999 -9999 -9999 0.0742568671703339 0.0813423842191696 0.0877641439437866 0.0869889631867409 0.0883541256189346 0.0901115089654922 0.0913757905364037 0.0920711010694504 0.102308332920074 0.11909843236208 0.117824919521809 0.109576374292374 0.115788377821445 0.124552227556705 0.130792140960693 0.136200055480003 0.135135039687157 0.1336600035429 0.130855455994606 0.128047376871109 0.125233098864555 0.130200102925301 0.143173858523369 0.147212535142899 0.145808041095734 0.144741773605347 0.143788263201714 0.143118634819984 0.142494678497314 0.142764627933502 0.14308013021946 0.143685802817345 0.143866017460823 0.142861872911453 0.143333092331886 0.146084368228912 0.146858692169189
-9999 -9999 -9999 -9999 -9999 -9999 0.0726373642683029 0.0726167559623718 0.0732597708702087 0.0742568671703339 0.082006148993969 0.0877641439437866 0.0848486125469208 0.0761640593409538 0.0782124996185303 0.0926451310515404 0.107952393591404 0.123860292136669 0.122796818614006 0.115180067718029 0.108618147671223 0.10224237293005 0.121219389140606 0.138716295361519 0.139252975583076 0.138934820890427 0.13584491610527 0.132913187146187 0.130257457494736 0.127645820379257 0.125079527497292 0.122564151883125 0.120079793035984 0.118058770895004 0.116192184388638 0.115124501287937 0.114188253879547 0.116173289716244 0.118369087576866 0.121907114982605 0.124718308448792 0.125506192445755 0.129804149270058 0.139526680111885 0.14393875002861
-9999 -9999 -9999 -9999 -9999 -9999 0.0726606845855713 0.0726373642683029 0.0725961402058601 0.0735487043857574 0.0742568671703339 0.083997443318367 0.0902334675192833 0.0895349830389023 0.0919469818472862 0.0979479774832726 0.10847594588995 0.122112773358822 0.1203957721591 0.112750083208084 0.105952426791191 0.0993044227361679 0.114504054188728 0.128497824072838 0.128456309437752 0.12826244533062 0.127574607729912 0.126729682087898 0.12561060488224 0.124274164438248 0.122714050114155 0.121356688439846 0.120122842490673 0.119555324316025 0.119209915399551 0.1239163428545 0.129316300153732 0.134067580103874 0.138216197490692 0.1385268419981 0.138669684529305 0.138345375657082 0.139824360609055 0.144090220332146 0.145158156752586
-9999 -9999 -9999 -9999 0.0790218338370323 0.074954628944397 0.0726438462734222 0.0727008506655693 0.0726373642683029 0.0725549161434174 0.0747456774115562 0.0856373608112335 0.0955883041024208 0.103677786886692 0.10657799243927 0.103490583598614 0.108790092170238 0.119849272072315 0.117484621703625 0.109936535358429 0.104363180696964 0.0991383120417595 0.109316505491734 0.118647381663322 0.11810676753521 0.118098698556423 0.119817346334457 0.120997101068497 0.121236436069012 0.121582180261612 0.122037403285503 0.122280113399029 0.122393354773521 0.123397327959538 0.124698214232922 0.135072141885757 0.146669670939445 0.154045403003693 0.160027652978897 0.157135814428329 0.154571369290352 0.152918294072151 0.151200667023659 0.149383321404457 0.146843418478966
-9999 -9999 -9999 -9999 0.0881476178765297 0.0803412571549416 0.0772654116153717 0.0726438462734222 0.0728213340044022 0.0750802233815193 0.0779820457100868 0.0833447352051735 0.0891622751951218 0.0958798304200172 0.101859159767628 0.106986694037914 0.112148739397526 0.117334492504597 0.115515477955341 0.110991664230824 0.11481911689043 0.120120324194431 0.125711962580681 0.131035104393959 0.134067744016647 0.136570990085602 0.137357726693153 0.136731177568436 0.133638367056847 0.131143003702164 0.129262387752533 0.12860994040966 0.128705695271492 0.130170971155167 0.132092744112015 0.13854031264782 0.14560803771019 0.151934161782265 0.157691523432732 0.15982685983181 0.160639628767967 0.157770648598671 0.155061021447182 0.152597680687904 0.150961428880692
-9999 -9999 -9999 -9999 -9999 0.0881476178765297 0.083308145403862 0.0818869695067406 0.0762179791927338 0.081351712346077 0.0853506401181221 0.085006020963192 0.0868482068181038 0.0930174738168716 0.101433403789997 0.112441636621952 0.117265544831753 0.117842391133308 0.11643348634243 0.1142578125 0.124531023204327 0.13700108230114 0.138656988739967 0.140524595975876 0.146129637956619 0.15045839548111 0.150648951530457 0.148734882473946 0.143148109316826 0.138464376330376 0.13470983505249 0.133011117577553 0.132564783096313 0.134082898497581 0.136255815625191 0.139330714941025 0.1425441801548 0.147691056132317 0.152953132987022 0.158948794007301 0.162581264972687 0.159635171294212 0.15692937374115 0.154594957828522 0.153911352157593
-9999 -9999 -9999 -9999 -9999 0.0864851549267769 0.0881476178765297 0.0905541554093361 0.0937013626098633 0.104049153625965 0.110837884247303 0.104004070162773 0.102563910186291 0.111796289682388 0.119831554591656 0.126485541462898 0.13009138405323 0.131603926420212 0.1300108730793 0.127218663692474 0.13098056614399 0.13589908182621 0.136472895741463 0.137306243181229 0.141095146536827 0.144242331385612 0.145308807492256 0.144381925463676 0.139976426959038 0.135966420173645 0.132363364100456 0.12895567715168 0.125667005777359 0.125447005033493 0.126249864697456 0.128379881381989 0.130701079964638 0.134100332856178 0.137681484222412 0.142421171069145 0.146428853273392 0.148398876190186 0.150063335895538 0.151255562901497 0.151739612221718
-9999 -9999 0.0830463841557503 0.0834030210971832 0.0837193578481674 0.0848207175731659 0.0864871218800545 0.0970115661621094 0.107966795563698 0.118506550788879 0.124810181558132 0.114899717271328 0.112791709601879 0.126122564077377 0.134721800684929 0.137861475348473 0.14049805700779 0.142789155244827 0.141648843884468 0.139183536171913 0.137915641069412 0.136859059333801 0.13709881901741 0.137570008635521 0.139733210206032 0.141602516174316 0.142518892884254 0.141724541783333 0.137944787740707 0.133843004703522 0.129409834742546 0.124722667038441 0.119880758225918 0.118475653231144 0.118216142058372 0.119550533592701 0.121107399463654 0.122967354953289 0.125012904405594 0.128240346908569 0.131875708699226 0.136646658182144 0.140854090452194 0.144190669059753 0.145691409707069
-9999.000000000000000 -9999 -9999 -9999 0.081668995320797 0.0826180055737495 0.0816028565168381 0.0986475571990013 0.115211121737957 0.114985384047031 0.113658532500267 0.108117111027241 0.111045703291893 0.13073405623436 0.141958296298981 0.143416255712509 0.145626455545425 0.148353278636932 0.149055242538452 0.14897532761097 0.145910084247589 0.1423180103302 0.143855810165405 0.145431250333786 0.146384239196777 0.146765530109406 0.145293161273003 0.142766669392586 0.138400614261627 0.13253678381443 0.12513180077076 0.12010220438242 0.116519667208195 0.115136101841927 0.114485517144203 0.115349933505058 0.116421602666378 0.11719686537981 0.118023812770844 0.119179911911488 0.120811931788921 0.123768769204617 0.126532360911369 0.128997296094894 0.131185293197632
-9999 -9999 -9999 -9999 0.0790099129080772 0.0775682628154755 0.0780031383037567 0.0979521796107292 0.116849392652512 0.111367143690586 0.106963261961937 0.106686897575855 0.113012686371803 0.132402241230011 0.142878293991089 0.143069550395012 0.145319819450378 0.148984104394913 0.152518391609192 0.15600249171257 0.152995586395264 0.148843228816986 0.150509968400002 0.152006730437279 0.151025459170341 0.149457558989525 0.145987644791603 0.141641885042191 0.135767728090286 0.128376066684723 0.119422942399979 0.11470003426075 0.112554140388966 0.110845826566219 0.109283372759819 0.109438441693783 0.109827615320683 0.109762251377106 0.109690427780151 0.109577476978302 0.109873667359352 0.111308835446835 0.112919710576534 0.114802144467831 0.116888888180256
-9999 -9999 -9999 -9999 0.0772058665752411 0.0768434777855873 0.0763960108160973 0.0943237394094467 0.111434780061245 0.107626780867577 0.105874471366405 0.111990436911583 0.119650900363922 0.130367502570152 0.135851621627808 0.135298281908035 0.138175427913666 0.143408432602882 0.151020631194115 0.159551501274109 0.158937603235245 0.156709939241409 0.157034739851952 0.156964644789696 0.153138190507889 0.149040922522545 0.14406555891037 0.137790948152542 0.129249006509781 0.120624154806137 0.111913986504078 0.108314417302608 0.107828177511692 0.105359472334385 0.102229945361614 0.101374514400959 0.100832968950272 0.100234039127827 0.0996658205986023 0.0992931425571442 0.0990933179855347 0.0993747040629387 0.100199140608311 0.101862832903862 0.102856323122978
-9999 -9999 -9999 -9999 0.0768434777855873 0.0763018131256104 0.0756659507751465 0.0885434746742249 0.100894957780838 0.099129281938076 0.0995900705456734 0.108572870492935 0.117576770484447 0.126622423529625 0.131029665470123 0.130084902048111 0.132843405008316 0.138145133852959 0.147630050778389 0.158730253577232 0.158830642700195 0.156989917159081 0.155781149864197 0.154198005795479 0.14937986433506 0.14401413500309 0.136872947216034 0.129274904727936 0.120879627764225 0.11288183927536 0.105293065309525 0.1020193323493 0.101374290883541 0.0988589152693748 0.0957201048731804 0.0946271643042564 0.0938166975975037 0.0929658636450768 0.0921479091048241 0.0915393531322479 0.09097720682621 0.0905442386865616 0.090711385011673 0.0918059721589088 0.092460073530674
-9999 -9999 -9999 -9999 0.0762704163789749 0.0756659507751465 0.0795982107520103 0.0811493098735809 0.0865111798048019 0.0870638638734818 0.0894089192152023 0.0986143946647644 0.108968287706375 0.121594600379467 0.127861276268959 0.126789942383766 0.12887068092823 0.133116096258163 0.142819836735725 0.154631227254868 0.154186889529228 0.151579797267914 0.148693725466728 0.145637884736061 0.141218170523643 0.135529696941376 0.125727385282516 0.117260001599789 0.111122228205204 0.10514672100544 0.099338173866272 0.0957921519875526 0.0936244428157806 0.091597706079483 0.0896179527044296 0.088867262005806 0.0882842168211937 0.0873927250504494 0.0865100473165512 0.0856835022568703 0.0848592892289162 0.0840415582060814 0.0836482867598534 0.0839109718799591 0.0847911015152931
-9999 -9999 -9999 -9999 0.0756659507751465 0.0741801485419273 0.0738597735762596 0.0730341151356697 0.0751123130321503 0.0851559787988663 0.093681275844574 0.0963949486613274 0.103610940277576 0.119735784828663 0.128030568361282 0.127290681004524 0.128254607319832 0.130388602614403 0.137104153633118 0.14558881521225 0.144391566514969 0.141485765576363 0.138987496495247 0.136338248848915 0.132356271147728 0.126783579587936 0.116053134202957 0.10782203823328 0.103952512145042 0.0998563542962074 0.0955269858241081 0.0923279225826263 0.0898174345493317 0.0886413753032684 0.0879101231694221 0.0873681530356407 0.0868444964289665 0.0852303057909012 0.0836931392550468 0.0826464295387268 0.0816672667860985 0.0808761119842529 0.0803699269890785 0.0803041383624077 0.0809113159775734
-9999 -9999 -9999 -9999 -9999 0.0685654133558273 0.0675966665148735 0.0673958957195282 0.064992718398571 0.0876013785600662 0.104148089885712 0.0974922776222229 0.0996469631791115 0.119235135614872 0.129630297422409 0.129418179392815 0.12907712161541 0.12864750623703 0.1310004144907 0.134427770972252 0.132388383150101 0.12938429415226 0.128158926963806 0.126721680164337 0.123194269835949 0.11792529374361 0.107009470462799 0.0994884893298149 0.0978918150067329 0.0956137478351593 0.0926345363259315 0.0900478288531303 0.0877002328634262 0.0875300243496895 0.0880856066942215 0.0876951366662979 0.0871588513255119 0.0845296606421471 0.0820852294564247 0.0808174312114716 0.0797292217612267 0.0791409239172935 0.0787136182188988 0.0785351172089577 0.0786555036902428
-9999 -9999 -9999 -9999 -9999 0.064673013985157 0.0642397925257683 0.0623599961400032 0.0644569545984268 0.0919436290860176 0.111545696854591 0.100968897342682 0.100273683667183 0.119131349027157 0.130143910646439 0.132104471325874 0.131111830472946 0.128091111779213 0.127263128757477 0.127281844615936 0.124731242656708 0.121727228164673 0.12059972435236 0.119224399328232 0.115441516041756 0.110659390687943 0.102637305855751 0.0967134833335876 0.0944513082504272 0.0923700034618378 0.09047482162714 0.0888611525297165 0.0874189883470535 0.0869940891861916 0.0869082808494568 0.0860507115721703 0.0850757658481598 0.0826119408011436 0.0803388878703117 0.0792807713150978 0.0784346014261246 0.0781784281134605 0.0782626941800117 0.0788730904459953 0.0796569362282753
-9999 -9999 -9999 -9999 -9999 0.0622381344437599 0.062182579189539 0.0629634857177734 0.0659041032195091 0.096678338944912 0.118308283388615 0.104937791824341 0.101850226521492 0.11910966783762 0.130432799458504 0.134906366467476 0.133397355675697 0.127779841423035 0.124015465378761 0.120966650545597 0.117973290383816 0.114989705383778 0.113716959953308 0.112165607511997 0.107980340719223 0.10372294485569 0.0992316827178001 0.0950885489583015 0.0915529131889343 0.0893329232931137 0.0884667038917542 0.0879007130861282 0.0875176042318344 0.0865772143006325 0.0854510590434074 0.083998404443264 0.0824966579675674 0.080442413687706 0.0785639137029648 0.0778045952320099 0.0772730931639671 0.0773757994174957 0.0780611708760262 0.0796470120549202 0.0813322961330414
-9999 -9999 -9999 -9999 -9999 -9999 0.0602920278906822 0.0612242594361305 0.0633116289973259 0.090206079185009 0.109100647270679 0.0973750650882721 0.0965917482972145 0.117460079491138 0.1318499147892 0.138764590024948 0.137279257178307 0.130025252699852 0.124500140547752 0.119642600417137 0.115644969046116 0.111799083650112 0.110036328434944 0.108063571155071 0.103960633277893 0.100181572139263 0.0974526703357697 0.0944507867097855 0.090972512960434 0.0888967514038086 0.0882641524076462 0.0877152755856514 0.0872174054384232 0.0854473933577538 0.083253338932991 0.0811186730861664 0.0790018513798714 0.0782235860824585 0.0774965211749077 0.0770955383777618 0.0769325941801071 0.0774322673678398 0.0782348215579987 0.0795054584741592 0.0814038664102554
-9999 -9999 -9999 -9999 -9999 -9999 0.057436428964138 0.0566883385181427 0.0603626742959023 0.0830809026956558 0.0991275608539581 0.089638277888298 0.0915673971176147 0.116090297698975 0.133479431271553 0.142637312412262 0.141248792409897 0.132617607712746 0.125386983156204 0.118697173893452 0.113665550947189 0.108926542103291 0.106734879314899 0.104392275214195 0.100326992571354 0.0969938859343529 0.0960347875952721 0.0942177921533585 0.0909036919474602 0.0889374390244484 0.0883580967783928 0.0876837372779846 0.0869514942169189 0.0843924954533577 0.0812245830893517 0.0784519761800766 0.0757563933730125 0.0761723667383194 0.0765340030193329 0.0765496045351028 0.0768089666962624 0.0777468606829643 0.0787456631660461 0.0798385664820671 0.0819206759333611
-9999 -9999 -9999 -9999 -9999 -9999 0.0562756918370724 0.0543966889381409 0.0555407106876373 0.0743441730737686 0.0886177718639374 0.085552990436554 0.0923052653670311 0.118482738733292 0.136835649609566 0.146160215139389 0.145390883088112 0.137689605355263 0.128781110048294 0.119406446814537 0.113292016088963 0.107752911746502 0.10594867169857 0.103903375566006 0.0991677343845367 0.0959572866559029 0.0976921319961548 0.0978309661149979 0.0951846316456795 0.0928223729133606 0.0907524153590202 0.0889236554503441 0.0872418284416199 0.0844773426651955 0.0813519805669785 0.078452967107296 0.0756080523133278 0.0759326070547104 0.0763522312045097 0.0773772373795509 0.078606553375721 0.080404594540596 0.0826740711927414 0.0856721326708794 0.0879528447985649
