Ecospace-environmental-drivers/Outputs/ASCII-for-ecospace/MOM6-ISIMIP3a/phyc-vint/1999-06_phyc-vint_MOM6-ISIMIP3a.asc
NCOLS 131 
NROWS 53 
XLLCORNER -98 
YLLCORNER 23.9265270233154 
CELLSIZE 0.133587792515755 
NODATA_value -9999 
[rows 20 to 39 of 53, columns 45 to 89 of 131]
0.118554800748825 0.118224062025547 0.117628298699856 0.118541650474072 0.119884185492992 0.117031201720238 0.11398584395647 0.117341428995132 0.120237328112125 0.120794922113419 0.120778873562813 0.119377672672272 0.120166420936584 0.123961664736271 0.125339195132256 0.124738611280918 0.123168475925922 0.121139086782932 0.119226969778538 0.117342874407768 0.116210624575615 0.115177273750305 0.11483171582222 0.114327043294907 0.113156452775002 0.111475735902786 0.108718104660511 0.10579788684845 0.102678954601288 0.0999094024300575 0.0973943322896957 0.0948574393987656 0.0923115089535713 0.0923555046319962 0.09290861338377 0.0955551937222481 0.0982686132192612 0.100877702236176 0.103542767465115 0.106404639780521 0.109122283756733 0.111572086811066 0.114090234041214 0.116682849824429 0.119478680193424
0.113079786300659 0.110896117985249 0.107710465788841 0.104919575154781 0.102240949869156 0.103259988129139 0.104751899838448 0.108791962265968 0.112450979650021 0.114171668887138 0.115498177707195 0.115872904658318 0.116684705018997 0.118096545338631 0.118723504245281 0.118708282709122 0.117584578692913 0.115935817360878 0.114403165876865 0.112898252904415 0.112102895975113 0.111399732530117 0.111328862607479 0.111196719110012 0.11080814152956 0.109968267381191 0.108175687491894 0.10611230134964 0.103717923164368 0.101296283304691 0.0988547801971436 0.0954756066203117 0.0917081013321877 0.0904666259884834 0.0897217020392418 0.0910473614931107 0.092419721186161 0.0934992730617523 0.0947764292359352 0.0967483967542648 0.0986930653452873 0.100587032735348 0.103016801178455 0.106030330061913 0.110060729086399
0.10564124584198 0.103654079139233 0.100951790809631 0.0988162830471992 0.0968419685959816 0.0974051728844643 0.0982872396707535 0.100765243172646 0.103019706904888 0.104137040674686 0.104943707585335 0.105000250041485 0.105398297309875 0.106265187263489 0.106803715229034 0.107073597609997 0.106759808957577 0.106169544160366 0.105735398828983 0.105338558554649 0.105411648750305 0.10556111484766 0.106352433562279 0.107091054320335 0.107609167695045 0.107584193348885 0.106412746012211 0.105009786784649 0.103323891758919 0.101576097309589 0.0997832268476486 0.0969520807266235 0.0936909541487694 0.0912443473935127 0.0889578610658646 0.0892355069518089 0.0895717814564705 0.0895532816648483 0.0897122025489807 0.0904949679970741 0.0913458988070488 0.0923234447836876 0.0937162488698959 0.0955614969134331 0.0985444486141205
0.0982529446482658 0.0966189876198769 0.0946281477808952 0.0934258624911308 0.0924478396773338 0.0922491773962975 0.092163622379303 0.09297776222229 0.0937254279851913 0.0941349565982819 0.0943126678466797 0.093930646777153 0.0939116403460503 0.0943910181522369 0.0948820784687996 0.0953827053308487 0.0958500951528549 0.0963017418980598 0.096946157515049 0.0976366400718689 0.0985630601644516 0.0995499268174171 0.101180575788021 0.102762781083584 0.104142248630524 0.104900255799294 0.104346334934235 0.103620029985905 0.102683052420616 0.101649850606918 0.100546576082706 0.0983868613839149 0.0957896560430527 0.0922131836414337 0.0884442180395126 0.0877163857221603 0.0870622396469116 0.0860277339816093 0.0851402878761292 0.0847699120640755 0.0845612436532974 0.0846529006958008 0.0849941074848175 0.0856072083115578 0.0873800441622734
0.0941860154271126 0.0928896814584732 0.0914728119969368 0.0902543291449547 0.0890922620892525 0.0885754749178886 0.0881523340940475 0.088474452495575 0.0887798741459846 0.0890003740787506 0.0891127064824104 0.0889638587832451 0.0890278220176697 0.0893839225172997 0.0896627604961395 0.0898783877491951 0.090191476047039 0.0905507281422615 0.0910319238901138 0.0915422514081001 0.0923978611826897 0.0933072715997696 0.0946545600891113 0.0959993600845337 0.0973337814211845 0.0983809679746628 0.098821796476841 0.0992890298366547 0.0997885316610336 0.0997285395860672 0.0992610231041908 0.09804417937994 0.0965170040726662 0.0929505378007889 0.0889831855893135 0.0876055285334587 0.0863272398710251 0.0850828886032104 0.0839926302433014 0.0834442004561424 0.083146333694458 0.0833137929439545 0.0835659354925156 0.0839103311300278 0.0846854522824287
0.0901560857892036 0.0893003940582275 0.0885278582572937 0.0874745324254036 0.0863413438200951 0.0856325775384903 0.0849866345524788 0.0848641768097878 0.0847657918930054 0.0847898796200752 0.0848134160041809 0.0848356112837791 0.0849240720272064 0.0851035043597221 0.0851529687643051 0.0850960835814476 0.0852523818612099 0.0855096653103828 0.0858319029211998 0.0861696675419807 0.086934007704258 0.0877419039607048 0.0887572765350342 0.0898084938526154 0.0910097435116768 0.092217780649662 0.0934401676058769 0.0949074104428291 0.096673920750618 0.0975697487592697 0.0978313758969307 0.0974657982587814 0.0968404784798622 0.0934198200702667 0.0894496589899063 0.087514191865921 0.0856969729065895 0.0842988863587379 0.083064578473568 0.0824061036109924 0.0820755213499069 0.082353875041008 0.0825645327568054 0.0827014446258545 0.0826790109276772
0.0862883403897285 0.0863250195980072 0.0865053907036781 0.0864124149084091 0.0862416997551918 0.0858940854668617 0.0855286046862602 0.0851696133613586 0.0848359763622284 0.0846312940120697 0.0844633430242538 0.0843840911984444 0.084240734577179 0.0840093865990639 0.0837542340159416 0.0834795907139778 0.0834682211279869 0.0835815519094467 0.0837635695934296 0.0839619934558868 0.0845453664660454 0.0851462334394455 0.0856168195605278 0.0861281231045723 0.0868097841739655 0.0876159965991974 0.0886851325631142 0.0903038531541824 0.0925942808389664 0.094369649887085 0.095769852399826 0.0958539694547653 0.0953930541872978 0.0927136987447739 0.0895982384681702 0.0875084698200226 0.0855259522795677 0.0842201858758926 0.0830994173884392 0.0826291143894196 0.0825134962797165 0.0830565616488457 0.0834344178438187 0.0836322531104088 0.0836898908019066
0.083412192761898 0.0841111168265343 0.0849620848894119 0.0854716375470161 0.0858841016888618 0.0857606679201126 0.0855711251497269 0.0850773900747299 0.0846040323376656 0.0842342972755432 0.0839142054319382 0.0837140083312988 0.0833586454391479 0.0827902629971504 0.0823260992765427 0.0819472074508667 0.0818084850907326 0.0817835256457329 0.0818648561835289 0.0819715932011604 0.0823882520198822 0.0828074365854263 0.0829535350203514 0.0831289365887642 0.0834269747138023 0.0838834643363953 0.0846744477748871 0.0862712562084198 0.0888529345393181 0.0912598073482513 0.0935393497347832 0.0941223651170731 0.0940028056502342 0.0919756814837456 0.0895735844969749 0.0874555036425591 0.0854340121150017 0.0842532962560654 0.0832981988787651 0.0831364095211029 0.0832798555493355 0.083990179002285 0.0844464227557182 0.0846258401870728 0.0847446396946907
0.0826995521783829 0.0835586115717888 0.0844642370939255 0.0847956240177155 0.0849636942148209 0.0847656056284904 0.0845239385962486 0.08411755412817 0.0837129130959511 0.0833171308040619 0.082930751144886 0.0825670585036278 0.0820428878068924 0.0812983959913254 0.080833837389946 0.0805983170866966 0.0804202184081078 0.0802693143486977 0.0803362503647804 0.0804552286863327 0.0807362869381905 0.0810291320085526 0.0813313648104668 0.0816160142421722 0.0818270668387413 0.0820475295186043 0.0822878405451775 0.0834843963384628 0.0858496874570847 0.0883468762040138 0.0909401476383209 0.0921294316649437 0.0927372798323631 0.0911680907011032 0.0891709476709366 0.0872994735836983 0.0855146199464798 0.0845303609967232 0.0838546752929688 0.0842639654874802 0.0847627222537994 0.0854276269674301 0.0857685208320618 0.0857563838362694 0.0858950763940811
0.0823052078485489 0.0831781700253487 0.0839710235595703 0.0840513929724693 0.0839291363954544 0.0834971964359283 0.0830353125929832 0.0826207175850868 0.0822288170456886 0.0819523185491562 0.0817507579922676 0.0817301273345947 0.0814040973782539 0.0806587785482407 0.0801914185285568 0.0799514651298523 0.0797088816761971 0.0794650465250015 0.0794824883341789 0.0795623511075974 0.0796702727675438 0.0797950252890587 0.0801366567611694 0.0804418697953224 0.0805946886539459 0.0806923434138298 0.080673523247242 0.0815059319138527 0.0833787098526955 0.0857560038566589 0.0885007679462433 0.0902352631092072 0.0915513634681702 0.0903481170535088 0.0886496230959892 0.0871472135186195 0.0857107490301132 0.084847517311573 0.0843649879097939 0.085221029818058 0.0860191136598587 0.086709551513195 0.0870507061481476 0.087011307477951 0.0871325954794884
0.0823112949728966 0.0830141752958298 0.0834836363792419 0.0832213461399078 0.0827509537339211 0.081884890794754 0.0809913203120232 0.0804482996463776 0.0799987018108368 0.080024316906929 0.0803234949707985 0.0812832191586494 0.0816169828176498 0.0810913816094398 0.0806181728839874 0.0801878347992897 0.0798491686582565 0.0795539319515228 0.0794777423143387 0.0794538855552673 0.0793414413928986 0.0792455822229385 0.0794797390699387 0.0796939507126808 0.0798247009515762 0.0799419730901718 0.0800307989120483 0.0805444717407227 0.0815773829817772 0.0835703015327454 0.0862624645233154 0.0884653478860855 0.0904656052589417 0.0895125642418861 0.0879789814352989 0.0869996920228004 0.086052231490612 0.0852151140570641 0.0848172083497047 0.0859636068344116 0.0869905948638916 0.0877958163619041 0.0882826820015907 0.0884227007627487 0.0884796902537346
0.0815835297107697 0.0820359513163567 0.0822733938694 0.0818611010909081 0.0812640190124512 0.0802986025810242 0.0793151259422302 0.0788618102669716 0.078541561961174 0.078898198902607 0.07963577657938 0.0812931582331657 0.0821932777762413 0.0820537880063057 0.0816024392843246 0.0808959305286407 0.0804382860660553 0.0800985097885132 0.0800043195486069 0.0799688026309013 0.0797480195760727 0.0795307457447052 0.0795497596263885 0.0795496627688408 0.0794695913791656 0.0794459730386734 0.0795415267348289 0.0798291862010956 0.0803516209125519 0.0819607302546501 0.0843613594770432 0.0867905169725418 0.0892314836382866 0.0887945741415024 0.0877919420599937 0.0869912728667259 0.0861929133534431 0.085344024002552 0.0850004702806473 0.0864337310194969 0.0877486690878868 0.0888438746333122 0.0896088182926178 0.0900139287114143 0.0899818912148476
0.0803053751587868 0.0804470404982567 0.0805210098624229 0.0801031887531281 0.0795455127954483 0.0787318199872971 0.0779147744178772 0.0777147710323334 0.0776641666889191 0.0783735066652298 0.0795027166604996 0.0816457346081734 0.08304213732481 0.0834135562181473 0.0830048397183418 0.0819578468799591 0.0813640207052231 0.0809848606586456 0.0809293910861015 0.0809512659907341 0.0807061642408371 0.0804418623447418 0.0801649913191795 0.0798581168055534 0.079425647854805 0.0791407451033592 0.0791673511266708 0.0792985260486603 0.0795575231313705 0.0807832628488541 0.0827131718397141 0.0851869955658913 0.0878860801458359 0.088164746761322 0.0879676267504692 0.0870871841907501 0.086182989180088 0.0852939188480377 0.0849820226430893 0.0866995081305504 0.0883466824889183 0.0898632779717445 0.0910055711865425 0.0917400345206261 0.0916004255414009
0.0792748332023621 0.07912927120924 0.0790385231375694 0.0786853358149529 0.0782575085759163 0.0777674466371536 0.0772943049669266 0.0774498358368874 0.0777319818735123 0.0786581709980965 0.0798899158835411 0.0818594321608543 0.0833742842078209 0.0842649340629578 0.0841728895902634 0.0832768455147743 0.0827409774065018 0.0823757126927376 0.0822003036737442 0.0820702686905861 0.0816103294491768 0.0811245068907738 0.0805918201804161 0.0800564289093018 0.0795097351074219 0.0790911614894867 0.0789430513978004 0.0789639353752136 0.0791913717985153 0.0800334364175797 0.0813231989741325 0.0837052762508392 0.0865397155284882 0.0876478776335716 0.088416688144207 0.087166503071785 0.0858941823244095 0.0851360261440277 0.0849509686231613 0.0867809057235718 0.088527113199234 0.0901177972555161 0.0912863090634346 0.0919948518276215 0.0919345021247864
0.0783504173159599 0.0779277086257935 0.0776717215776443 0.0774132236838341 0.0771540105342865 0.0770612582564354 0.077008068561554 0.0775629505515099 0.0782049000263214 0.0792897120118141 0.0805000811815262 0.0820136219263077 0.0834849774837494 0.0848984196782112 0.0852405056357384 0.0847060233354568 0.084311306476593 0.0839827805757523 0.0836194455623627 0.0832477807998657 0.0824913531541824 0.0817092210054398 0.0809378921985626 0.0802075415849686 0.0796486884355545 0.0791511386632919 0.0787829831242561 0.0787133648991585 0.079008623957634 0.079466886818409 0.0800438895821571 0.0822757482528687 0.0851929411292076 0.0871794074773788 0.0889829099178314 0.0872386991977692 0.0854858383536339 0.0849319472908974 0.08491450548172 0.0867832899093628 0.088528573513031 0.0900445058941841 0.0910887569189072 0.0916190966963768 0.0917180925607681
0.0786929279565811 0.0781107246875763 0.0777124911546707 0.0776550695300102 0.0776945799589157 0.0779403373599052 0.0782200917601585 0.0788474828004837 0.0795192793011665 0.0804169327020645 0.0813960582017899 0.0825719237327576 0.0838505402207375 0.0852702185511589 0.0856698751449585 0.0852349698543549 0.0847983732819557 0.0843609794974327 0.0837398692965508 0.0830748602747917 0.082247756421566 0.0814193189144135 0.0807335525751114 0.0800903737545013 0.0796254500746727 0.0791998356580734 0.0788572058081627 0.078759677708149 0.0789617002010345 0.0792035460472107 0.0794743895530701 0.0813089460134506 0.0837910771369934 0.0861003845930099 0.0883757174015045 0.0867767706513405 0.0851319283246994 0.0844403356313705 0.0843099132180214 0.0861525684595108 0.0877585262060165 0.0889248996973038 0.0896435230970383 0.0898743197321892 0.0901509821414948
0.0792975723743439 0.0785802155733109 0.0780444890260696 0.0782101601362228 0.0785753056406975 0.0791474208235741 0.0797421038150787 0.0803743824362755 0.08100775629282 0.081646703183651 0.0823511704802513 0.0832138285040855 0.08426883071661 0.0855878815054893 0.0859671980142593 0.0855776444077492 0.0850613117218018 0.0844849273562431 0.0835915952920914 0.0826225280761719 0.0817714780569077 0.0809484496712685 0.0804153233766556 0.079917699098587 0.0795686468482018 0.0792461931705475 0.0789799019694328 0.0788674056529999 0.0789428800344467 0.0790029317140579 0.079051747918129 0.0804378688335419 0.0823778137564659 0.0848950445652008 0.0875257477164268 0.0862043276429176 0.0847892686724663 0.0838892385363579 0.0835877656936646 0.0853908658027649 0.0868288576602936 0.0875888094305992 0.0879401490092278 0.0878462865948677 0.0883044227957726
0.0813946202397346 0.0810604840517044 0.0807886123657227 0.0807709544897079 0.0808255970478058 0.081075482070446 0.0813478156924248 0.0816865712404251 0.0820085257291794 0.0822450071573257 0.0825682878494263 0.0831011757254601 0.0837644189596176 0.0846066325902939 0.0848794728517532 0.0846864655613899 0.0842854529619217 0.0837859213352203 0.0830602571368217 0.0822805613279343 0.0816157832741737 0.0809684619307518 0.080460324883461 0.0799794942140579 0.0796129554510117 0.0793005377054214 0.079102411866188 0.0789684802293777 0.0789130181074142 0.0789486840367317 0.079050712287426 0.079954519867897 0.0811903551220894 0.0835754200816154 0.0861863940954208 0.0853608623147011 0.0844059363007545 0.083430252969265 0.0830026566982269 0.084502175450325 0.085572175681591 0.085844524204731 0.0858001559972763 0.0854107290506363 0.0854307785630226
0.0833484157919884 0.0833739191293716 0.0833608135581017 0.08316271007061 0.0829120054841042 0.082843154668808 0.0827964618802071 0.0828452855348587 0.0828637853264809 0.0827279984951019 0.0826936885714531 0.0829043984413147 0.0831941515207291 0.0835924223065376 0.0837682411074638 0.0837620496749878 0.0834687277674675 0.0830393880605698 0.0824922099709511 0.081916868686676 0.0814144760370255 0.080918163061142 0.0804374217987061 0.0799765139818192 0.0795986503362656 0.0792996063828468 0.0791669562458992 0.0790190473198891 0.0788524970412254 0.0788795053958893 0.0790475010871887 0.0794869139790535 0.0800387412309647 0.0822824016213417 0.0848586410284042 0.0845083445310593 0.0839978605508804 0.0829812809824944 0.0824418067932129 0.0835798606276512 0.0842611491680145 0.0840941667556763 0.0836991220712662 0.0830556079745293 0.0826631933450699
0.0830612480640411 0.0829471573233604 0.0829468965530396 0.0827932506799698 0.0825959742069244 0.0825554952025414 0.0825297832489014 0.0824694931507111 0.0823998600244522 0.0822826400399208 0.0821931734681129 0.0821707174181938 0.0823620855808258 0.0828470140695572 0.0830678269267082 0.0830725580453873 0.0827122554183006 0.0821790471673012 0.0817155241966248 0.0812686607241631 0.0805734470486641 0.0798833891749382 0.0795166045427322 0.0791704952716827 0.0789108797907829 0.0787051767110825 0.07861328125 0.0785340145230293 0.0784701928496361 0.078581228852272 0.078819639980793 0.079002171754837 0.0791615545749664 0.0813277438282967 0.0838884189724922 0.0836887285113335 0.0833451896905899 0.0825950726866722 0.0820742249488831 0.0823595151305199 0.0825265869498253 0.0824741050601006 0.0822222530841827 0.0817531868815422 0.0815175399184227
