Ecospace-environmental-drivers/Outputs/ASCII-for-ecospace/MOM6-ISIMIP3a/phyc-vint/1999-03_phyc-vint_MOM6-ISIMIP3a.asc
NCOLS 131 
NROWS 53 
XLLCORNER -98 
YLLCORNER 23.9265270233154 
CELLSIZE 0.133587792515755 
NODATA_value -9999 
[rows 20 to 39 of 53, columns 0 to 45 of 131]
-9999 -9999 -9999 -9999 -9999 -9999 -9999 -9999 0.0891556739807129 0.0944782868027687 0.0979350358247757 0.0979342609643936 0.0991123765707016 0.102619327604771 0.10773553699255 0.114708565175533 0.128356903791428 0.146589457988739 0.147815018892288 0.142473563551903 0.147475913167 0.154303640127182 0.160438075661659 0.165962934494019 0.166534543037415 0.166605412960052 0.165052741765976 0.163358464837074 0.161417081952095 0.165857836604118 0.176865667104721 0.180717796087265 0.180210724473 0.179302960634232 0.178261652588844 0.17685803771019 0.175407469272614 0.174390181899071 0.173387110233307 0.172474443912506 0.171356335282326 0.169666275382042 0.170636788010597 0.175719052553177 0.176550596952438 0.173480823636055
-9999 -9999 -9999 -9999 -9999 -9999 0.0811518132686615 0.0820124596357346 0.0849333256483078 0.0891556739807129 0.0963441506028175 0.0979350358247757 0.0967553779482841 0.0932415053248405 0.101074002683163 0.121998429298401 0.137796834111214 0.150074973702431 0.149934902787209 0.14499968290329 0.141598269343376 0.138467520475388 0.155697867274284 0.171579346060753 0.172505050897598 0.17298336327076 0.172011077404022 0.170624315738678 0.168514221906662 0.166040107607841 0.163191393017769 0.160679683089256 0.158373266458511 0.1557906717062 0.153116032481194 0.151452630758286 0.14994677901268 0.150912404060364 0.151782602071762 0.152045145630836 0.152031555771828 0.151249304413795 0.156435951590538 0.170847162604332 0.176130801439285 0.173037126660347
-9999 -9999 -9999 -9999 -9999 -9999 0.0810982808470726 0.0811518132686615 0.0828731060028076 0.0865527242422104 0.0891556739807129 0.101941749453545 0.111807055771351 0.115892991423607 0.121679611504078 0.129428550601006 0.138651788234711 0.148887470364571 0.150365665555 0.148462250828743 0.145473390817642 0.142292991280556 0.153908804059029 0.164959132671356 0.168597161769867 0.171366512775421 0.171319186687469 0.170721173286438 0.169162169098854 0.165855944156647 0.160751834511757 0.155551686882973 0.15029302239418 0.14650271832943 0.143201842904091 0.148127034306526 0.154139041900635 0.15319150686264 0.152430638670921 0.15285849571228 0.153645664453506 0.155433014035225 0.161211550235748 0.173158198595047 0.177635729312897 0.175258129835129
-9999 -9999 -9999 -9999 0.0898326560854912 0.0841056406497955 0.0808813273906708 0.0812616944313049 0.0811518132686615 0.0845943912863731 0.091309018433094 0.110547706484795 0.127354547381401 0.139349445700645 0.1429682970047 0.136922493577003 0.139400064945221 0.1477310359478 0.1507548391819 0.151729345321655 0.149772375822067 0.147298097610474 0.153129652142525 0.159135043621063 0.16507363319397 0.169745147228241 0.170308277010918 0.170216470956802 0.168981775641441 0.1651611328125 0.158679604530334 0.151314169168472 0.143410265445709 0.138679444789886 0.135006323456764 0.146263360977173 0.159467354416847 0.156477630138397 0.153973624110222 0.154562920331955 0.156171470880508 0.160617381334305 0.166704177856445 0.175326883792877 0.178514242172241 0.176713049411774
-9999 -9999 -9999 -9999 0.102695308625698 0.0916483625769615 0.0873299539089203 0.0808813273906708 0.0817519351840019 0.0928323492407799 0.104407250881195 0.117874830961227 0.128985181450844 0.135431259870529 0.140915974974632 0.145291462540627 0.149286016821861 0.153018996119499 0.152601838111877 0.150582134723663 0.148685336112976 0.146810218691826 0.165268808603287 0.181981205940247 0.180431872606277 0.178197965025902 0.173744395375252 0.168885484337807 0.163319230079651 0.156505286693573 0.148407503962517 0.14284373819828 0.138823688030243 0.136969104409218 0.135836333036423 0.140495553612709 0.145900458097458 0.14368499815464 0.142037346959114 0.144005730748177 0.147161915898323 0.153624653816223 0.15994043648243 0.166029080748558 0.166612818837166 0.162144139409065
-9999 -9999 -9999 -9999 -9999 0.102695308625698 0.0956868603825569 0.0937785729765892 0.0864758267998695 0.103604190051556 0.118830516934395 0.126776650547981 0.133355259895325 0.137227907776833 0.145246535539627 0.15804897248745 0.163292750716209 0.163345634937286 0.160142004489899 0.155680909752846 0.153571203351021 0.151876464486122 0.177094295620918 0.199338093400002 0.191887572407722 0.184143424034119 0.175447195768356 0.16658353805542 0.157427683472633 0.148337841033936 0.13931593298912 0.135343447327614 0.134447023272514 0.134947955608368 0.135914668440819 0.135428234934807 0.134731337428093 0.132696583867073 0.131355911493301 0.134435400366783 0.138733819127083 0.146425396203995 0.152752280235291 0.156970113515854 0.155877307057381 0.149910405278206
-9999 -9999 -9999 -9999 -9999 0.101882018148899 0.102695308625698 0.105392225086689 0.109281286597252 0.125486373901367 0.139063701033592 0.142583057284355 0.149736940860748 0.164082556962967 0.177564233541489 0.190049052238464 0.195367857813835 0.195765420794487 0.19264517724514 0.188166543841362 0.184646636247635 0.181295901536942 0.187544420361519 0.192626014351845 0.18623174726963 0.179094806313515 0.169549852609634 0.160024151206017 0.15053203701973 0.142311945557594 0.135400742292404 0.132096961140633 0.130990788340569 0.131564065814018 0.13269716501236 0.133432313799858 0.134075775742531 0.129619151353836 0.126176625490189 0.129192218184471 0.132855251431465 0.138320550322533 0.143703252077103 0.148958280682564 0.150253966450691 0.14791576564312
-9999 -9999 0.100321382284164 0.10045337677002 0.100528977811337 0.101067766547203 0.101882979273796 0.116080820560455 0.130797177553177 0.143334358930588 0.153776049613953 0.156197071075439 0.164366006851196 0.183908432722092 0.198345825076103 0.206892773509026 0.210637778043747 0.211085066199303 0.20911493897438 0.206211373209953 0.203109070658684 0.199971690773964 0.192916944622993 0.185852631926537 0.179423332214355 0.172179788351059 0.16229610145092 0.152649790048599 0.143417745828629 0.136403694748878 0.131671905517578 0.128261148929596 0.125655114650726 0.125659808516502 0.126534715294838 0.127915576100349 0.129321128129959 0.124442763626575 0.120557501912117 0.122996680438519 0.12571057677269 0.12918920814991 0.133477166295052 0.13901586830616 0.142300426959991 0.14351612329483
-9999.000000000000000 -9999 -9999 -9999 0.0997633785009384 0.09999018907547 0.0994935631752014 0.124751076102257 0.149499386548996 0.152380302548409 0.156442761421204 0.165027633309364 0.175171092152596 0.188398540019989 0.193957284092903 0.190667569637299 0.189241275191307 0.189094662666321 0.190602213144302 0.192748472094536 0.194051802158356 0.195206373929977 0.187210887670517 0.178945481777191 0.170100182294846 0.161192566156387 0.152082830667496 0.143497258424759 0.135826393961906 0.130752116441727 0.128349676728249 0.123139463365078 0.116218775510788 0.114256449043751 0.11394689232111 0.114716932177544 0.11562293022871 0.114686764776707 0.113978698849678 0.114723235368729 0.115803465247154 0.117818176746368 0.120682880282402 0.124861180782318 0.129262715578079 0.133869141340256
-9999 -9999 -9999 -9999 0.0988448709249496 0.0982321724295616 0.0981841236352921 0.129761427640915 0.160303637385368 0.159187465906143 0.16084960103035 0.17314587533474 0.182931631803513 0.187749773263931 0.184640035033226 0.172382727265358 0.167982369661331 0.168977722525597 0.172559767961502 0.177140638232231 0.179984614253044 0.182522088289261 0.175766125321388 0.168562188744545 0.159320861101151 0.150282144546509 0.141900315880775 0.134052246809006 0.12713560461998 0.123235300183296 0.122438743710518 0.118062570691109 0.111505717039108 0.109367102384567 0.108701214194298 0.109144173562527 0.109743662178516 0.11079915612936 0.111657701432705 0.111261948943138 0.111200980842113 0.112071990966797 0.113655678927898 0.116340786218643 0.120927944779396 0.127260819077492
-9999 -9999 -9999 -9999 0.0982722043991089 0.0983122438192368 0.0983616784214973 0.130167305469513 0.161171600222588 0.163178071379662 0.167445674538612 0.180367946624756 0.186861872673035 0.180635899305344 0.169122010469437 0.151506721973419 0.146896600723267 0.151217728853226 0.155109003186226 0.158834293484688 0.15961454808712 0.159875094890594 0.157101586461067 0.153805628418922 0.146709561347961 0.139468356966972 0.131756499409676 0.12423925101757 0.117061614990234 0.113371841609478 0.11327102035284 0.113042026758194 0.112734951078892 0.112672924995422 0.112692579627037 0.113165386021137 0.113701239228249 0.114294469356537 0.114693373441696 0.113854750990868 0.113272167742252 0.113402307033539 0.113883942365646 0.114908799529076 0.118509881198406 0.124475419521332
-9999 -9999 -9999 -9999 0.0983122438192368 0.0983720868825912 0.098442330956459 0.12736539542675 0.155632257461548 0.158351793885231 0.163122490048409 0.17574417591095 0.181108817458153 0.17211377620697 0.158231094479561 0.138708859682083 0.134591311216354 0.141052827239037 0.145493105053902 0.149152904748917 0.148826435208321 0.147796526551247 0.145427748560905 0.14253157377243 0.135484874248505 0.128860175609589 0.123603783547878 0.118452414870262 0.113484308123589 0.110866494476795 0.110667079687119 0.111556902527809 0.113110281527042 0.113653510808945 0.11386001855135 0.114348776638508 0.114873647689819 0.114997200667858 0.115096792578697 0.11504378169775 0.115159690380096 0.115745849907398 0.115864515304565 0.11526070535183 0.117515534162521 0.122394032776356
-9999 -9999 -9999 -9999 0.0983755514025688 0.098442330956459 0.118363752961159 0.122157625854015 0.145287379622459 0.146912753582001 0.150609731674194 0.162235915660858 0.168093204498291 0.162535458803177 0.150810554623604 0.131969705224037 0.128871440887451 0.136584341526031 0.141753450036049 0.14594030380249 0.145224884152412 0.143644377589226 0.138996988534927 0.13386943936348 0.125300139188766 0.118406198918819 0.116944424808025 0.115685246884823 0.114779584109783 0.113879799842834 0.112986050546169 0.112723387777805 0.112845167517662 0.112890131771564 0.112909488379955 0.113403752446175 0.113957144320011 0.113605476915836 0.11352600902319 0.11517995595932 0.116909466683865 0.118849322199821 0.119159340858459 0.116950541734695 0.117588996887207 0.120840668678284
-9999 -9999 -9999 -9999 0.098442330956459 0.112985014915466 0.120938517153263 0.12548965215683 0.12861342728138 0.138337254524231 0.146652117371559 0.149574011564255 0.151779651641846 0.152568072080612 0.146087914705276 0.131220981478691 0.130423545837402 0.139288276433945 0.144514203071594 0.14833502471447 0.143222376704216 0.136533230543137 0.12996806204319 0.123648330569267 0.119351305067539 0.115930147469044 0.115348882973194 0.114646382629871 0.113732300698757 0.11224739998579 0.110175140202045 0.109603703022003 0.109946563839912 0.11103916913271 0.112381681799889 0.113145768642426 0.113818421959877 0.112895809113979 0.112399980425835 0.114622034132481 0.117027252912521 0.119942359626293 0.120639637112617 0.117909379303455 0.117597758769989 0.119505979120731
-9999 -9999 -9999 -9999 -9999 0.11369064450264 0.114195458590984 0.115168273448944 0.1092269718647 0.130989015102386 0.146361038088799 0.137274831533432 0.134052693843842 0.142433926463127 0.142521545290947 0.133039638400078 0.135092258453369 0.145066156983376 0.150060877203941 0.153132930397987 0.141905173659325 0.128153935074806 0.119825601577759 0.112759061157703 0.115217871963978 0.116873256862164 0.115923583507538 0.114348240196705 0.111681051552296 0.108623959124088 0.105165667831898 0.104647070169449 0.105919301509857 0.10872208327055 0.112035036087036 0.113182216882706 0.11401305347681 0.112478464841843 0.111464567482471 0.113766632974148 0.116445600986481 0.120173767209053 0.12134226411581 0.118554927408695 0.11757880449295 0.118265017867088
-9999 -9999 -9999 -9999 -9999 0.106249734759331 0.105937950313091 0.101928450167179 0.104033932089806 0.129228666424751 0.146643474698067 0.134280055761337 0.128091245889664 0.134120255708694 0.13588547706604 0.132730960845947 0.137836217880249 0.148613825440407 0.149714589118958 0.147078767418861 0.135793045163155 0.122980885207653 0.117872938513756 0.113658465445042 0.115483708679676 0.116242237389088 0.113542035222054 0.110674746334553 0.10751586407423 0.104915663599968 0.102890349924564 0.103614374995232 0.106013275682926 0.110675729811192 0.116092704236507 0.117617070674896 0.118580892682076 0.116411261260509 0.114835344254971 0.117040410637856 0.119375303387642 0.122071601450443 0.122157253324986 0.118208304047585 0.116315349936485 0.116309404373169
-9999 -9999 -9999 -9999 -9999 0.0988813936710358 0.0986157953739166 0.100717127323151 0.101777523756027 0.128624454140663 0.147044569253922 0.133210375905037 0.124564103782177 0.126183226704597 0.128614261746407 0.131982132792473 0.140181943774223 0.151700064539909 0.148149058222771 0.138779297471046 0.128688856959343 0.118471212685108 0.117614753544331 0.116996951401234 0.116659753024578 0.115285530686378 0.110548838973045 0.106302887201309 0.102913305163383 0.101189821958542 0.101180724799633 0.103393539786339 0.10695993155241 0.113513000309467 0.121061630547047 0.122961953282356 0.124053560197353 0.121244102716446 0.11909706890583 0.121168524026871 0.12303151935339 0.124314218759537 0.122995488345623 0.117656394839287 0.114794410765171 0.114205919206142
-9999 -9999 -9999 -9999 -9999 -9999 0.0920904278755188 0.0932018086314201 0.0950592160224915 0.119601458311081 0.137172535061836 0.128060922026634 0.123248741030693 0.126943945884705 0.129678428173065 0.131304398179054 0.140356808900833 0.154509305953979 0.150482729077339 0.139436542987823 0.131467387080193 0.124041222035885 0.123169980943203 0.122113943099976 0.118321850895882 0.114185139536858 0.108931034803391 0.104512609541416 0.101552501320839 0.100154556334019 0.100364044308662 0.102464161813259 0.105716027319431 0.113331168889999 0.122400723397732 0.126563340425491 0.130006074905396 0.127655863761902 0.125580564141273 0.125256061553955 0.125663384795189 0.12810792028904 0.126734167337418 0.119459435343742 0.114863395690918 0.112725853919983
-9999 -9999 -9999 -9999 -9999 -9999 0.084414504468441 0.0823523476719856 0.0879615023732185 0.110422506928444 0.12739123404026 0.123337857425213 0.122596234083176 0.128407642245293 0.131340593099594 0.130952298641205 0.140329584479332 0.156413361430168 0.152421817183495 0.140678465366364 0.134833350777626 0.13002909719944 0.128700226545334 0.126829400658607 0.119808062911034 0.113125912845135 0.107543528079987 0.103084973990917 0.100587613880634 0.0994817242026329 0.0998076424002647 0.101648673415184 0.104412712156773 0.113019436597824 0.123573705554008 0.129655495285988 0.135068029165268 0.133373871445656 0.131577521562576 0.129130303859711 0.128248542547226 0.13172459602356 0.130275681614876 0.121215470135212 0.114972144365311 0.111314155161381
-9999 -9999 -9999 -9999 -9999 -9999 0.0765489041805267 0.0776893496513367 0.0789480060338974 0.103601291775703 0.123484879732132 0.125112071633339 0.127957984805107 0.133215382695198 0.135400205850601 0.134039744734764 0.139183521270752 0.148794054985046 0.1482894718647 0.143879070878029 0.139744982123375 0.135659664869308 0.131187260150909 0.126412227749825 0.119186028838158 0.112574435770512 0.107955634593964 0.104292586445808 0.102297432720661 0.10138975083828 0.10160107165575 0.102386638522148 0.103522032499313 0.112764187157154 0.124708563089371 0.128148570656776 0.130400866270065 0.130937561392784 0.13132344186306 0.13074879348278 0.130824789404869 0.132712006568909 0.130328625440598 0.121345236897469 0.114745639264584 0.110333889722824
