Ecospace-environmental-drivers/Outputs/ASCII-for-ecospace/MOM6-ISIMIP3a/phyc-vint/2000-12_phyc-vint_MOM6-ISIMIP3a.asc
NCOLS 131 
NROWS 53 
XLLCORNER -98 
YLLCORNER 23.9265270233154 
CELLSIZE 0.133587792515755 
NODATA_value -9999 
[rows 20 to 39 of 53, columns 0 to 44 of 131]
-9999 -9999 -9999 -9999 -9999 -9999 -9999 -9999 0.0633261874318123 0.0690924897789955 0.0741105079650879 0.0740326270461082 0.0756637305021286 0.0802903398871422 0.0826481208205223 0.0823880359530449 0.0917483866214752 0.107715517282486 0.106346756219864 0.0982839688658714 0.104496598243713 0.113228403031826 0.120280914008617 0.126376107335091 0.124800264835358 0.122615069150925 0.118454091250896 0.11430412530899 0.110173366963863 0.113567270338535 0.124703906476498 0.127705514431 0.125751331448555 0.124234355986118 0.122863106429577 0.122101373970509 0.12142126262188 0.120376586914062 0.119286522269249 0.117907367646694 0.116851814091206 0.116697087883949 0.120185896754265 0.129305571317673 0.134088963270187
-9999 -9999 -9999 -9999 -9999 -9999 0.0553014166653156 0.0562137737870216 0.059038907289505 0.0633261874318123 0.0698407739400864 0.0741105079650879 0.0723236501216888 0.067001111805439 0.0696065202355385 0.0813595354557037 0.0958483442664146 0.11221594363451 0.11144731938839 0.104061760008335 0.0990942120552063 0.0945533737540245 0.114965908229351 0.133647337555885 0.133349716663361 0.132022738456726 0.127358168363571 0.122760325670242 0.118278905749321 0.113796778023243 0.109313912689686 0.105533301830292 0.102180488407612 0.0994963645935059 0.097035139799118 0.0959174633026123 0.0949925929307938 0.0950548946857452 0.0949863791465759 0.0940848141908646 0.0933109000325203 0.0928923636674881 0.100093930959702 0.119071930646896 0.128705680370331
-9999 -9999 -9999 -9999 -9999 -9999 0.0552011281251907 0.0553014166653156 0.0571261346340179 0.0604018904268742 0.0633261874318123 0.0720856338739395 0.0780428722500801 0.078455314040184 0.0810509920120239 0.0861657857894897 0.0969780534505844 0.111703030765057 0.108768634498119 0.0990152955055237 0.0934972167015076 0.0887265279889107 0.105719216167927 0.121382489800453 0.121996246278286 0.121767692267895 0.118808045983315 0.115766137838364 0.11258065700531 0.108983092010021 0.104961514472961 0.101281002163887 0.0978082716464996 0.0948323160409927 0.0920219570398331 0.0967189595103264 0.102411322295666 0.102236144244671 0.101944357156754 0.100909918546677 0.10010240226984 0.099926583468914 0.1043820977211 0.115995071828365 0.123109482228756
-9999 -9999 -9999 -9999 0.0626226514577866 0.0576260909438133 0.0550146736204624 0.0552872978150845 0.0553014166653156 0.05895084887743 0.0640291124582291 0.074576310813427 0.0838564783334732 0.090629555284977 0.0932413935661316 0.0910518243908882 0.0976251289248466 0.110216304659843 0.105126760900021 0.0932100340723991 0.0885101705789566 0.085083857178688 0.0972573831677437 0.108587063848972 0.110038317739964 0.110878087580204 0.109735190868378 0.108330644667149 0.106469504535198 0.104338265955448 0.101929113268852 0.0988807454705238 0.0954429805278778 0.0923736989498138 0.0894272476434708 0.0997115969657898 0.111734569072723 0.111252538859844 0.11067359149456 0.109477534890175 0.108623705804348 0.108722545206547 0.110091991722584 0.113425083458424 0.117555491626263
-9999 -9999 -9999 -9999 0.0739314034581184 0.0639184415340424 0.0602375119924545 0.0550146736204624 0.0555458068847656 0.0623056292533875 0.0688685327768326 0.0746776834130287 0.0797278508543968 0.0832762122154236 0.0866580754518509 0.0898478329181671 0.0940786376595497 0.0990243926644325 0.0954660549759865 0.0886239632964134 0.0938350036740303 0.101173043251038 0.106737330555916 0.111835293471813 0.113370850682259 0.114477388560772 0.114192873239517 0.113225735723972 0.111067391932011 0.108881510794163 0.106667295098305 0.104293964803219 0.101823702454567 0.100825488567352 0.10031795501709 0.104605674743652 0.109519146382809 0.109291881322861 0.108951985836029 0.107894770801067 0.107185021042824 0.107442498207092 0.108313955366611 0.11013425886631 0.112968370318413
-9999 -9999 -9999 -9999 -9999 0.0739314034581184 0.0664901882410049 0.0654603466391563 0.0580319613218307 0.0680596381425858 0.0761720761656761 0.0769538357853889 0.0779993236064911 0.079566664993763 0.083842821419239 0.0912445187568665 0.0936463624238968 0.0926145911216736 0.0903917029500008 0.0877088755369186 0.0994988530874252 0.113842830061913 0.113961525261402 0.114002071321011 0.115987002849579 0.117565095424652 0.117824047803879 0.117022775113583 0.114371329545975 0.11183013767004 0.109402395784855 0.107335090637207 0.105487354099751 0.105910487473011 0.107090570032597 0.106499910354614 0.105670601129532 0.105685621500015 0.105597235262394 0.104850277304649 0.104459591209888 0.105060651898384 0.10573985427618 0.10653979331255 0.10843250900507
-9999 -9999 -9999 -9999 -9999 0.073957696557045 0.0739314034581184 0.0715543255209923 0.0703476369380951 0.0843335688114166 0.0942801460623741 0.0887657925486565 0.0867945477366447 0.0918341279029846 0.0975494384765625 0.104044444859028 0.106869041919708 0.107173010706902 0.105427250266075 0.102890007197857 0.106649197638035 0.111519515514374 0.111294850707054 0.111426971852779 0.115462012588978 0.118409603834152 0.117831237614155 0.116005137562752 0.11200162768364 0.107786804437637 0.103354535996914 0.0999752357602119 0.0972374007105827 0.0962330475449562 0.0958065092563629 0.0952407196164131 0.0946613028645515 0.0948638617992401 0.09508166462183 0.095396526157856 0.0960921496152878 0.0978477299213409 0.0996752455830574 0.101613953709602 0.104121424257755
-9999 -9999 0.0739756375551224 0.0739827305078506 0.0740014463663101 0.0739840269088745 0.0739576667547226 0.0778939202427864 0.0826777294278145 0.0949553176760674 0.102883696556091 0.0941651836037636 0.0915729254484177 0.10110280662775 0.108285956084728 0.112761341035366 0.115054108202457 0.11584797501564 0.114995487034321 0.113507278263569 0.11245334893465 0.111476056277752 0.111281409859657 0.111631564795971 0.116378791630268 0.11955551058054 0.117640003561974 0.114511363208294 0.109265692532063 0.103788144886494 0.0980719923973083 0.0939498469233513 0.0907987505197525 0.08894332498312 0.0875197798013687 0.0869302600622177 0.0864609926939011 0.086685799062252 0.0870127007365227 0.0879897847771645 0.0893100947141647 0.0915858224034309 0.0941228121519089 0.0970635563135147 0.100052297115326
-9999.000000000000000 -9999 -9999 -9999 0.0739627107977867 0.0740188732743263 0.0740349292755127 0.0847694203257561 0.0950392857193947 0.0932448208332062 0.0907497853040695 0.0855733007192612 0.0875871330499649 0.103828594088554 0.112542137503624 0.112569659948349 0.112247832119465 0.111686088144779 0.112634845077991 0.114166863262653 0.115320295095444 0.116406917572021 0.117056965827942 0.117901004850864 0.120441302657127 0.121359050273895 0.117015846073627 0.111978739500046 0.105730697512627 0.0998869612812996 0.0944592580199242 0.0908360406756401 0.0883120894432068 0.0868632569909096 0.0857727900147438 0.0850535109639168 0.0843895003199577 0.0842758938670158 0.084281861782074 0.0850493311882019 0.0859870910644531 0.0873989164829254 0.0896878615021706 0.093332327902317 0.0965111181139946
-9999 -9999 -9999 -9999 0.0738901644945145 0.0738852247595787 0.0739565119147301 0.0885864496231079 0.102009057998657 0.0922873318195343 0.0842809230089188 0.0828400701284409 0.0874580591917038 0.104064799845219 0.111525386571884 0.108432754874229 0.106661699712276 0.105798229575157 0.108667194843292 0.112977392971516 0.116175167262554 0.119176633656025 0.119764506816864 0.12030079215765 0.120847567915916 0.119961969554424 0.114432014524937 0.10854572057724 0.102037571370602 0.0963327512145042 0.0914545282721519 0.088202029466629 0.0859398990869522 0.0845189169049263 0.0833783224225044 0.0826514661312103 0.0819850042462349 0.0817648023366928 0.081634633243084 0.0820778012275696 0.0826455727219582 0.0835602059960365 0.0857693776488304 0.0899791866540909 0.0934907495975494
-9999 -9999 -9999 -9999 0.0738258138298988 0.073766402900219 0.0736930444836617 0.0885556563735008 0.102195523679256 0.0922771841287613 0.0849391594529152 0.0874774977564812 0.0921810418367386 0.101168908178806 0.1038748472929 0.0993324369192123 0.0975782871246338 0.0977389514446259 0.102677799761295 0.109461672604084 0.114498689770699 0.119227446615696 0.118612237274647 0.117832235991955 0.116653993725777 0.114538252353668 0.109382748603821 0.103979930281639 0.0981455147266388 0.0932150483131409 0.0892147198319435 0.0861716419458389 0.083711713552475 0.0818421170115471 0.080169290304184 0.0795885473489761 0.0791615694761276 0.0791264176368713 0.0790925920009613 0.0790671855211258 0.079280748963356 0.0801595449447632 0.082500658929348 0.0871017128229141 0.0911256074905396
-9999 -9999 -9999 -9999 0.073766402900219 0.0736775994300842 0.0735733583569527 0.0839674696326256 0.0934190899133682 0.0854024961590767 0.0801119282841682 0.0852554515004158 0.0909515619277954 0.097741112112999 0.0990694910287857 0.0940965339541435 0.0927190259099007 0.0938106626272202 0.099070742726326 0.105940416455269 0.110691830515862 0.115069441497326 0.113861992955208 0.112422585487366 0.110069289803505 0.107163339853287 0.102465465664864 0.0977070406079292 0.0928429588675499 0.0888435617089272 0.0857339128851891 0.0831426307559013 0.080867126584053 0.0791458636522293 0.0776093378663063 0.0773468911647797 0.0772630199790001 0.0775249823927879 0.0777593329548836 0.0778178349137306 0.0780447199940681 0.0787403136491776 0.0808269083499908 0.0850632190704346 0.0888261720538139
-9999 -9999 -9999 -9999 0.0736724510788918 0.0735733583569527 0.0743435472249985 0.0759611874818802 0.0779204070568085 0.0733793377876282 0.0711705386638641 0.0778887122869492 0.0852576792240143 0.0939143896102905 0.0963980481028557 0.091758981347084 0.0910279154777527 0.0929806604981422 0.0972504764795303 0.1024149954319 0.105287156999111 0.107754781842232 0.10641323029995 0.10480709373951 0.101691223680973 0.0983250290155411 0.094147153198719 0.0901538133621216 0.0864825025200844 0.0835317149758339 0.0813223421573639 0.0793646275997162 0.0775602236390114 0.0764350220561028 0.0755362138152122 0.0757211819291115 0.076058141887188 0.0767012611031532 0.0773326680064201 0.0778894573450089 0.0784052982926369 0.0788071751594543 0.080349400639534 0.0836539715528488 0.0865760073065758
-9999 -9999 -9999 -9999 0.0735733583569527 0.0680110156536102 0.0658960342407227 0.0638721734285355 0.0655864253640175 0.0698944702744484 0.0736725553870201 0.0754221901297569 0.0800713747739792 0.0904579609632492 0.0942736938595772 0.0905077010393143 0.0902957543730736 0.092524528503418 0.0953451693058014 0.0983943492174149 0.0994781106710434 0.100215032696724 0.0986414179205894 0.0968510583043098 0.0936760455369949 0.0903917625546455 0.0867531523108482 0.0835013911128044 0.0809246897697449 0.0789737552404404 0.0776667147874832 0.0764372944831848 0.0752551630139351 0.0745469182729721 0.0739966332912445 0.0744512528181076 0.075047105550766 0.0759693011641502 0.0768935605883598 0.0778309851884842 0.0786881148815155 0.0793217271566391 0.080769881606102 0.0834768638014793 0.0856517478823662
-9999 -9999 -9999 -9999 -9999 0.0596770420670509 0.0582311265170574 0.0578547306358814 0.0546087585389614 0.0700689256191254 0.0810789614915848 0.0750557854771614 0.0751026123762131 0.087160237133503 0.0923838168382645 0.0897219777107239 0.0899745672941208 0.0922286286950111 0.0934034138917923 0.0941614583134651 0.0934957563877106 0.0925788208842278 0.0907311663031578 0.088749073445797 0.0858163982629776 0.0828463807702065 0.0797552987933159 0.0772350281476974 0.0757108703255653 0.0747388824820518 0.0743350610136986 0.0738745331764221 0.0733794718980789 0.0730114206671715 0.0726857110857964 0.0733337998390198 0.0741191506385803 0.0752766579389572 0.0764491111040115 0.0777167528867722 0.0789375975728035 0.0800281539559364 0.0815752297639847 0.0838278234004974 0.085295744240284
-9999 -9999 -9999 -9999 -9999 0.0556515417993069 0.0549039654433727 0.0529664717614651 0.0543684661388397 0.0734343826770782 0.0868015065789223 0.0783560946583748 0.0762390643358231 0.0866441279649734 0.0912782624363899 0.0892536342144012 0.0895850732922554 0.0915345400571823 0.0917301550507545 0.0912485420703888 0.0895373448729515 0.0876091569662094 0.0850072652101517 0.082415945827961 0.0800356417894363 0.0776453167200089 0.075222484767437 0.0734458640217781 0.0727969482541084 0.0721879974007607 0.0716201737523079 0.0714447945356369 0.07150848954916 0.0714450925588608 0.071339339017868 0.0720624625682831 0.0729044899344444 0.0743503198027611 0.0757629871368408 0.0769644901156425 0.0782047808170319 0.07955302298069 0.0810547396540642 0.0827936381101608 0.0840711668133736
-9999 -9999 -9999 -9999 -9999 0.0542594641447067 0.0538195371627808 0.0538906939327717 0.0563497468829155 0.0774600654840469 0.0921756625175476 0.0824150368571281 0.0786386951804161 0.0867035388946533 0.0903349742293358 0.0888509526848793 0.0891814529895782 0.0907580628991127 0.0901124402880669 0.0886087343096733 0.085997685790062 0.0831912159919739 0.0797357261180878 0.0764487981796265 0.0746850147843361 0.0729292929172516 0.0711996853351593 0.0701692402362823 0.0703588798642159 0.0699855387210846 0.0690329074859619 0.0690425783395767 0.0696384832262993 0.0698723867535591 0.0699856281280518 0.0707592815160751 0.0716305002570152 0.0733756273984909 0.0750268623232841 0.0760802179574966 0.0772687196731567 0.0788334235548973 0.0802599340677261 0.0814728587865829 0.082666888833046
-9999 -9999 -9999 -9999 -9999 -9999 0.0540548861026764 0.0546014495193958 0.056276511400938 0.0776191204786301 0.0926837921142578 0.0837192237377167 0.0804181545972824 0.088323563337326 0.0912846699357033 0.0885408297181129 0.0882463380694389 0.0896339267492294 0.0889597237110138 0.0874893888831139 0.0840147584676743 0.0801864266395569 0.0773423612117767 0.0745981931686401 0.0725068673491478 0.0706719234585762 0.0696682780981064 0.0689382255077362 0.0686856359243393 0.0684961602091789 0.0683716163039207 0.0691525861620903 0.0704851821064949 0.0719204992055893 0.0733900591731071 0.0731695219874382 0.0727365463972092 0.075243353843689 0.077658012509346 0.0794858261942863 0.0812454074621201 0.0828150436282158 0.0839007571339607 0.0842386111617088 0.0848376229405403
-9999 -9999 -9999 -9999 -9999 -9999 0.0537253953516483 0.053672518581152 0.0559680163860321 0.0771006420254707 0.0922158882021904 0.0842991545796394 0.081750862300396 0.0898252129554749 0.0923316925764084 0.0884137228131294 0.0874368026852608 0.0884796306490898 0.0877672284841537 0.0863770768046379 0.0822092890739441 0.0775513350963593 0.0752952247858047 0.0730710923671722 0.0706752240657806 0.0687541961669922 0.0683728083968163 0.0678831711411476 0.0672046020627022 0.0672236010432243 0.0679603964090347 0.069503590464592 0.0715380311012268 0.0741089954972267 0.0768588036298752 0.075760193169117 0.0741633251309395 0.0772393718361855 0.0801968425512314 0.0823991820216179 0.0844581946730614 0.0861182138323784 0.086999922990799 0.0866787955164909 0.0868887677788734
-9999 -9999 -9999 -9999 -9999 -9999 0.0545166246592999 0.0529022179543972 0.0541314035654068 0.071201853454113 0.0836608782410622 0.0784693136811256 0.0786142796278 0.0893187299370766 0.0935127288103104 0.0901946872472763 0.0882207006216049 0.0871697291731834 0.08592838793993 0.0846135392785072 0.081553190946579 0.0781848132610321 0.0755664333701134 0.0730285197496414 0.0710243061184883 0.0692849084734917 0.0684041380882263 0.0677278637886047 0.0674084424972534 0.0679233074188232 0.0692966282367706 0.0712252929806709 0.0734922662377357 0.0760654807090759 0.0787407830357552 0.07850182056427 0.0778744742274284 0.0792461037635803 0.0801425203680992 0.078012615442276 0.0771758481860161 0.0799388140439987 0.0822024047374725 0.0836942195892334 0.0859565734863281
