Ecospace-environmental-drivers/Outputs/ASCII-for-ecospace/MOM6-ISIMIP3a/phyc-vint/2000-09_phyc-vint_MOM6-ISIMIP3a.asc
NCOLS 131 
NROWS 53 
XLLCORNER -98 
YLLCORNER 23.9265270233154 
CELLSIZE 0.133587792515755 
NODATA_value -9999 
[rows 20 to 39 of 53, columns 45 to 89 of 131]
0.0976031273603439 0.0973661169409752 0.0972813963890076 0.0979683920741081 0.0988748744130135 0.0938009694218636 0.0883148387074471 0.088225930929184 0.0881061404943466 0.0878292098641396 0.087249718606472 0.0859396532177925 0.086552731692791 0.0898060202598572 0.0912025570869446 0.0910799652338028 0.0896006226539612 0.0874786153435707 0.0849867761135101 0.0824065804481506 0.0804466307163239 0.0785506889224052 0.0769662037491798 0.0754322186112404 0.0741096138954163 0.0727912336587906 0.0714817866683006 0.0703113973140717 0.0693109706044197 0.0684819370508194 0.0677777528762817 0.0676783546805382 0.067829430103302 0.0693385899066925 0.0711147263646126 0.076291024684906 0.0817521885037422 0.0887660309672356 0.0944626703858376 0.0955279394984245 0.0956628918647766 0.0940701365470886 0.0926350429654121 0.0913717150688171 0.0908950194716454
0.0913267806172371 0.0905162245035172 0.089745469391346 0.0892505422234535 0.0888340547680855 0.0881088599562645 0.0873417481780052 0.0862959623336792 0.085329957306385 0.0847697854042053 0.0840405821800232 0.082903228700161 0.0824444144964218 0.0829171389341354 0.0835562273859978 0.0843314304947853 0.0834685787558556 0.0818298235535622 0.0796425193548203 0.0773241594433784 0.0755089297890663 0.0737664923071861 0.07258041203022 0.0714475512504578 0.0705374181270599 0.0696394965052605 0.0687673538923264 0.0679659992456436 0.067251168191433 0.066694937646389 0.0662542432546616 0.0664036944508553 0.0667975470423698 0.0689849182963371 0.0715248510241508 0.0778423994779587 0.0842415243387222 0.0900709256529808 0.0942947342991829 0.0928732007741928 0.0914668664336205 0.0900887325406075 0.0888091921806335 0.0876370593905449 0.0869870558381081
0.0856964066624641 0.0847403928637505 0.0837712064385414 0.0831290781497955 0.0825799554586411 0.0820594057440758 0.0815323665738106 0.0807512402534485 0.0799876675009727 0.0793133676052094 0.0785485506057739 0.0775651484727859 0.0770619139075279 0.0772178992629051 0.0775392726063728 0.0779959559440613 0.0773694217205048 0.0762297883629799 0.074755921959877 0.0732021927833557 0.0720494017004967 0.0709426999092102 0.0701059028506279 0.0692985951900482 0.0686147511005402 0.0679733753204346 0.0674216449260712 0.0669800639152527 0.0666730925440788 0.0664408504962921 0.0662630423903465 0.0666665881872177 0.0673108920454979 0.0705230236053467 0.0742399320006371 0.0807384997606277 0.0870895013213158 0.0909927040338516 0.0935791209340096 0.0915356352925301 0.0897879153490067 0.0885894522070885 0.0873634070158005 0.0861073061823845 0.0850300267338753
0.0802154839038849 0.0791588649153709 0.0780443847179413 0.0773307979106903 0.0767312347888947 0.0760983899235725 0.075469084084034 0.0750273391604424 0.0745349451899529 0.0737848952412605 0.0730172917246819 0.0722073316574097 0.0717550218105316 0.0717937424778938 0.0718445181846619 0.0719051659107208 0.0714817717671394 0.0708290934562683 0.0700862035155296 0.0693217515945435 0.0688415616750717 0.0683776810765266 0.0678669661283493 0.0673629641532898 0.0668870806694031 0.0664882883429527 0.0662522464990616 0.0661705955862999 0.0662776529788971 0.0663663968443871 0.0664417967200279 0.0671178475022316 0.0680426508188248 0.0722943618893623 0.0772000700235367 0.0837070718407631 0.0898457542061806 0.0918071046471596 0.0927951037883759 0.0903607457876205 0.088413842022419 0.0873721912503242 0.0861853584647179 0.0848403424024582 0.0833450183272362
0.076380580663681 0.0754202306270599 0.0744181722402573 0.0735697001218796 0.0727649107575417 0.0720503926277161 0.0713553130626678 0.070935346186161 0.0705174505710602 0.0701100453734398 0.0697366818785667 0.069445513188839 0.069313071668148 0.0693985670804977 0.0693982169032097 0.0693276301026344 0.0690425559878349 0.0686558708548546 0.0684143379330635 0.0682074874639511 0.0679103806614876 0.0675941109657288 0.0670890882611275 0.0666170567274094 0.0662830919027328 0.0661046802997589 0.0662546753883362 0.0665475428104401 0.0670150220394135 0.0673102140426636 0.0674799084663391 0.0687255784869194 0.0704168379306793 0.0755128115415573 0.0812780782580376 0.0861646384000778 0.0906331762671471 0.0913359895348549 0.0915777012705803 0.0901981517672539 0.0888753160834312 0.0876577943563461 0.0864039957523346 0.0851106569170952 0.0836721360683441
0.0728105902671814 0.0719490870833397 0.0710665211081505 0.0701695308089256 0.0692684426903725 0.0685782879590988 0.0679218247532845 0.0675918832421303 0.0673016533255577 0.0672134384512901 0.0671715959906578 0.0672417357563972 0.0673016235232353 0.0673474445939064 0.0673020780086517 0.0671821162104607 0.0669730827212334 0.0667218565940857 0.0668666437268257 0.0671060457825661 0.0669316351413727 0.0667112171649933 0.0662348940968513 0.0658158361911774 0.065636433660984 0.065674863755703 0.0661731362342834 0.0668546855449677 0.0677602216601372 0.0683401450514793 0.0686828941106796 0.0705145671963692 0.0729628577828407 0.078699417412281 0.0850823670625687 0.0883885845541954 0.0912582501769066 0.0909763723611832 0.0906530097126961 0.0901838019490242 0.0893862769007683 0.0879790261387825 0.086634524166584 0.0853583812713623 0.0839624628424644
0.0704021528363228 0.0696507468819618 0.0689187422394753 0.0683519691228867 0.0678321868181229 0.0676312893629074 0.0674711614847183 0.0675304979085922 0.0676011219620705 0.0677292048931122 0.0677439048886299 0.0674848258495331 0.0671777948737144 0.0668049305677414 0.0667413622140884 0.06693085283041 0.0665248110890388 0.065836675465107 0.0658633708953857 0.066060870885849 0.0657443180680275 0.0653927847743034 0.0650460422039032 0.0647720843553543 0.0648027360439301 0.0650424212217331 0.0657233968377113 0.0668557584285736 0.0685397908091545 0.0697476789355278 0.0706087574362755 0.0730983465909958 0.0762623474001884 0.0817463919520378 0.0876864939928055 0.0895882025361061 0.091171532869339 0.091105654835701 0.0910117849707603 0.0908194929361343 0.0901142656803131 0.088456466794014 0.0869171991944313 0.0855070650577545 0.0840915143489838
0.0684984251856804 0.0679579973220825 0.0674747079610825 0.067240834236145 0.0670778974890709 0.0672193020582199 0.0673920884728432 0.0675713568925858 0.0677330568432808 0.0678054317831993 0.0677475035190582 0.0673749223351479 0.0669119656085968 0.0663249269127846 0.0662132427096367 0.0664904788136482 0.0660483539104462 0.0652654841542244 0.0652161538600922 0.0653420984745026 0.0649267062544823 0.0644862130284309 0.0642217621207237 0.0640612617135048 0.064335823059082 0.0647866725921631 0.0656097158789635 0.0670671835541725 0.069300040602684 0.0710621252655983 0.0724813118577003 0.0755690485239029 0.0793477892875671 0.0844768807291985 0.089871421456337 0.0906746461987495 0.0912617817521095 0.0913989767432213 0.0914875343441963 0.0914050713181496 0.0906610935926437 0.0886885821819305 0.0869479849934578 0.0854600593447685 0.0840442702174187
0.0676959156990051 0.0675865262746811 0.0675661340355873 0.067671038210392 0.0678115785121918 0.0679746344685555 0.0681237801909447 0.0678353011608124 0.0674994587898254 0.066922664642334 0.0665102675557137 0.0664948374032974 0.0663363039493561 0.0659813210368156 0.0657562538981438 0.0656374916434288 0.0655103996396065 0.0653793588280678 0.0653458014130592 0.0653355196118355 0.064915731549263 0.0644782558083534 0.064192920923233 0.0640768557786942 0.0646691843867302 0.0653528347611427 0.0662292689085007 0.0677375718951225 0.0700181350111961 0.0721734538674355 0.074237547814846 0.0777930542826653 0.0819662138819695 0.0865168496966362 0.0911417007446289 0.0915141627192497 0.0917381569743156 0.0920502170920372 0.0922185108065605 0.0918813347816467 0.0908126384019852 0.0883854404091835 0.0864291936159134 0.0849860832095146 0.083612360060215
0.0678787976503372 0.0680923759937286 0.0683668553829193 0.0685177966952324 0.0686336010694504 0.0685020759701729 0.0683258101344109 0.0676252767443657 0.0669022351503372 0.066064678132534 0.0655038356781006 0.0656111314892769 0.0656315460801125 0.0655326694250107 0.0653845742344856 0.0651962086558342 0.0652571842074394 0.0654362589120865 0.0654038712382317 0.0653209686279297 0.0649559795856476 0.0645776093006134 0.0642864853143692 0.0641820058226585 0.0648586452007294 0.0656031519174576 0.0664909109473228 0.0680203512310982 0.0703340694308281 0.0728453993797302 0.0755006819963455 0.0793049782514572 0.0835851281881332 0.0876909345388412 0.0917624607682228 0.0920084714889526 0.0921424478292465 0.0925658792257309 0.0927657783031464 0.0921796932816505 0.0907285958528519 0.0876710638403893 0.0854565128684044 0.0841604322195053 0.0828852131962776
0.0693013966083527 0.0697019845247269 0.0700599402189255 0.0698886215686798 0.0695667713880539 0.0687428191304207 0.0678614899516106 0.0668189525604248 0.0658475309610367 0.0652378797531128 0.0647877678275108 0.0647228881716728 0.0647643655538559 0.0649518668651581 0.0651202201843262 0.0652729049324989 0.0653621926903725 0.0654214546084404 0.0653719156980515 0.0652963817119598 0.0650606900453568 0.0648119822144508 0.0645340457558632 0.0643998309969902 0.0648670792579651 0.0654561147093773 0.0663022547960281 0.0678154900670052 0.0701440498232841 0.0729645788669586 0.0761434435844421 0.0799210444092751 0.083946593105793 0.0877756476402283 0.0915660783648491 0.0920684933662415 0.0924560353159904 0.0929109901189804 0.093081921339035 0.0922542437911034 0.0903481543064117 0.0864393264055252 0.0839128047227859 0.0828923583030701 0.0817866176366806
0.0700178369879723 0.0703330039978027 0.0705483853816986 0.0700826421380043 0.0694231763482094 0.068337045609951 0.0672108009457588 0.0661808773875237 0.0652569234371185 0.0648720189929008 0.0646024197340012 0.0646112263202667 0.0647415816783905 0.0650388151407242 0.0652980878949165 0.0655262991786003 0.0655993670225143 0.0655989572405815 0.0655002593994141 0.0653780698776245 0.0651471093297005 0.0649048835039139 0.0646073371171951 0.0644190609455109 0.064688041806221 0.0651289224624634 0.0659326910972595 0.067373163998127 0.0695918053388596 0.0725521445274353 0.0760527178645134 0.0798014625906944 0.0836529806256294 0.0874004438519478 0.091127447783947 0.0918037220835686 0.0923572108149529 0.0928149744868279 0.0929179489612579 0.0917734876275063 0.0894603803753853 0.0849769860506058 0.0822585299611092 0.0814630389213562 0.080568939447403
0.0702046453952789 0.0702300742268562 0.0701333433389664 0.0693940445780754 0.0684719905257225 0.0674463734030724 0.0664203315973282 0.0656689926981926 0.0650143921375275 0.0648518726229668 0.0648151040077209 0.0650820136070251 0.0653521046042442 0.0656265914440155 0.0658076331019402 0.0659122169017792 0.0659356638789177 0.0659206807613373 0.065748818218708 0.0655394792556763 0.0652198269963264 0.0648916736245155 0.0645499229431152 0.0642893388867378 0.064368411898613 0.0646666213870049 0.0654274523258209 0.0667527318000793 0.0687678828835487 0.0717409923672676 0.075411856174469 0.0791301354765892 0.0828680545091629 0.0866802856326103 0.0905071347951889 0.0912953540682793 0.0919490680098534 0.0923881083726883 0.0923938751220703 0.0908762440085411 0.0881921127438545 0.0833416953682899 0.0805213302373886 0.0799127668142319 0.0792619585990906
0.0691829994320869 0.0692929923534393 0.0693087130784988 0.0685464218258858 0.0675628557801247 0.0667105317115784 0.065889410674572 0.0655480772256851 0.0652637034654617 0.0652690604329109 0.0653613656759262 0.0656635984778404 0.0659137889742851 0.0660925135016441 0.0661610662937164 0.0661394819617271 0.0660598054528236 0.0659526064991951 0.0657304152846336 0.0654807537794113 0.0651576668024063 0.0648293346166611 0.0644981563091278 0.0642218217253685 0.064175046980381 0.0643374249339104 0.0649413466453552 0.0660677701234818 0.0678327977657318 0.0705995634198189 0.0740959793329239 0.0778111591935158 0.0816169306635857 0.0855143219232559 0.0894297286868095 0.090426579117775 0.091258816421032 0.0915388092398643 0.0913258567452431 0.0893796384334564 0.0864534229040146 0.081707239151001 0.0789685100317001 0.0784169808030128 0.0779974833130836
0.0676434338092804 0.0679984092712402 0.0683085396885872 0.0676306411623955 0.0666717439889908 0.0660410448908806 0.0654697269201279 0.0655947253108025 0.0657238140702248 0.0658736899495125 0.0660505816340446 0.0662926807999611 0.0664545297622681 0.0665062144398689 0.0664476007223129 0.0662987530231476 0.0660930201411247 0.0658603385090828 0.0655976012349129 0.0653276965022087 0.0650376975536346 0.0647459477186203 0.0644487962126732 0.064180962741375 0.0640358030796051 0.0640652775764465 0.0644634366035461 0.0653551444411278 0.066850058734417 0.0693165808916092 0.0724908038973808 0.0762146040797234 0.0801660045981407 0.084157295525074 0.0881564244627953 0.0894033387303352 0.0904476493597031 0.0905084684491158 0.0900247022509575 0.0876261666417122 0.0845131203532219 0.0800731405615807 0.0774947255849838 0.076944537460804 0.0767512172460556
0.0667768940329552 0.0672134906053543 0.06769098341465 0.067206434905529 0.0664482787251472 0.0659570693969727 0.0655190795660019 0.0657803639769554 0.066027857363224 0.0662051737308502 0.0663787573575974 0.0665433257818222 0.0666013732552528 0.0665131658315659 0.0663236901164055 0.0660513490438461 0.0657167509198189 0.0653526559472084 0.0650285854935646 0.0647140815854073 0.0644924864172935 0.0642796903848648 0.0641020908951759 0.0639342069625854 0.0638069957494736 0.0638051852583885 0.0640681087970734 0.0647659450769424 0.0659953504800797 0.068086251616478 0.0708046406507492 0.0743582174181938 0.0782576724886894 0.08238435536623 0.0865557193756104 0.0880702212452888 0.0893237367272377 0.0889889746904373 0.0881501734256744 0.0855391770601273 0.0825434327125549 0.078833170235157 0.0766091793775558 0.0760045275092125 0.0758312568068504
0.0660496056079865 0.0665340200066566 0.0671525970101357 0.0668839365243912 0.0663629472255707 0.0659942328929901 0.0656654760241508 0.0659947618842125 0.0662996098399162 0.0664801448583603 0.0666322410106659 0.0667156800627708 0.0666667073965073 0.0664359554648399 0.0661148428916931 0.0657198056578636 0.0652557611465454 0.0647590234875679 0.0643693134188652 0.0640051811933517 0.0638592913746834 0.0637342110276222 0.0636938512325287 0.0636448487639427 0.0635596662759781 0.0635475888848305 0.0636898577213287 0.0642022863030434 0.0651671290397644 0.0668668076395988 0.0691017135977745 0.0724480599164963 0.0762546882033348 0.0805253684520721 0.0848872661590576 0.0866729840636253 0.0881351232528687 0.0873682722449303 0.0861570164561272 0.0833831802010536 0.0805676653981209 0.0776747539639473 0.0758453458547592 0.0751746669411659 0.0749787986278534
0.0659793242812157 0.0662793889641762 0.0667306557297707 0.0667398720979691 0.066623367369175 0.0663674250245094 0.0661131218075752 0.0662886649370193 0.0664603933691978 0.0666127577424049 0.0667043477296829 0.0666491985321045 0.0664755776524544 0.0661393254995346 0.0657467320561409 0.065308041870594 0.0648431479930878 0.0643658563494682 0.0639786049723625 0.0636128783226013 0.0634721145033836 0.0633521750569344 0.0633103251457214 0.0632703080773354 0.0632379725575447 0.063241183757782 0.0633194223046303 0.0637301951646805 0.0645473897457123 0.0659765973687172 0.0678515881299973 0.0708525329828262 0.0743197798728943 0.0785556733608246 0.0829426720738411 0.0847158432006836 0.0861410051584244 0.0851121991872787 0.083762101829052 0.0812823325395584 0.0789285078644753 0.0768085867166519 0.0754386931657791 0.0748859941959381 0.0746233537793159
0.0659764260053635 0.0660848766565323 0.0663530975580215 0.0666140615940094 0.0668729543685913 0.0667240396142006 0.0665410608053207 0.0665654316544533 0.0666042789816856 0.0667167901992798 0.0667382702231407 0.0665399357676506 0.066240206360817 0.0658012852072716 0.0653499588370323 0.0648884847760201 0.0644460543990135 0.0640126466751099 0.0636492520570755 0.0633025765419006 0.0631593838334084 0.06303421407938 0.062967985868454 0.0629160329699516 0.0629237964749336 0.0629339143633842 0.0629489868879318 0.0632631182670593 0.0639427676796913 0.0651220083236694 0.0666651502251625 0.0693160146474838 0.0724256411194801 0.0765892192721367 0.0809599906206131 0.0826784074306488 0.0840319916605949 0.0827811807394028 0.0813315585255623 0.0791828706860542 0.077302910387516 0.0759219974279404 0.0749923959374428 0.0745545327663422 0.0742375031113625
0.0663785114884377 0.0663286298513412 0.0663932785391808 0.0665976703166962 0.0668418109416962 0.0667433738708496 0.0666148811578751 0.0666214227676392 0.0666208192706108 0.0665838941931725 0.0664514750242233 0.0660884827375412 0.0656554698944092 0.0651263296604156 0.0647235587239265 0.064424179494381 0.0641913264989853 0.0639899745583534 0.0638460367918015 0.0637158080935478 0.0635232329368591 0.0633217766880989 0.0630532577633858 0.0628185570240021 0.0627253577113152 0.0626408532261848 0.0625746920704842 0.062805712223053 0.0633999332785606 0.0644902139902115 0.0659418031573296 0.0682586878538132 0.070933923125267 0.0747101828455925 0.0787028670310974 0.0800519809126854 0.0810822546482086 0.0799542888998985 0.0787127465009689 0.0770718455314636 0.0756611600518227 0.074678011238575 0.0739526599645615 0.0735081806778908 0.0732899680733681
