Ecospace-environmental-drivers/Outputs/ASCII-for-ecospace/MOM6-ISIMIP3a/phyc-vint/2001-03_phyc-vint_MOM6-ISIMIP3a.asc
NCOLS 131 
NROWS 53 
XLLCORNER -98 
YLLCORNER 23.9265270233154 
CELLSIZE 0.133587792515755 
NODATA_value -9999 
[rows 0 to 19 of 53, columns 46 to 91 of 131]
-9999 -9999 -9999 -9999 -9999 -9999 -9999 -9999 -9999 -9999 -9999 -9999 -9999 -9999 -9999 -9999 -9999 -9999 -9999 -9999 -9999 -9999 -9999 -9999 -9999 -9999 -9999 -9999 -9999 -9999 -9999 -9999 -9999 -9999 -9999 -9999 -9999 -9999 -9999 -9999 -9999 -9999 -9999 -9999 -9999 -9999
-9999 -9999 -9999 -9999 -9999 -9999 -9999 -9999 -9999 -9999 -9999 -9999 -9999 -9999 -9999 -9999 -9999 -9999 -9999 -9999 -9999 -9999 -9999 -9999 -9999 -9999 -9999 -9999 -9999 -9999 -9999 -9999 -9999 -9999 -9999 -9999 -9999 -9999 -9999 -9999 -9999 -9999 -9999 -9999 -9999 -9999
-9999 -9999 -9999 -9999 -9999 -9999 -9999 -9999 -9999 -9999 -9999 -9999 -9999 -9999 -9999 -9999 -9999 -9999 -9999 -9999 -9999 -9999 -9999 -9999 -9999 -9999 -9999 -9999 0.13878707587719 0.135416477918625 -9999 -9999 -9999 -9999 -9999 -9999 -9999 -9999 -9999 -9999 -9999 -9999 -9999 -9999 -9999 -9999
-9999 -9999 -9999 -9999 -9999 -9999 -9999 -9999 -9999 -9999 -9999 -9999 -9999 -9999 -9999 -9999 -9999 -9999 -9999 -9999 -9999 -9999 -9999 -9999 -9999 -9999 -9999 -9999 0.13893885910511 0.135783553123474 -9999 -9999 -9999 -9999 -9999 -9999 -9999 -9999 -9999 -9999 -9999 -9999 -9999 -9999 -9999 -9999
-9999 -9999 -9999 -9999 -9999 -9999 -9999 -9999 -9999 -9999 -9999 -9999 -9999 -9999 -9999 -9999 -9999 -9999 -9999 0.152058199048042 0.151697814464569 0.151409506797791 0.14972773194313 0.14838433265686 0.146411836147308 0.145179703831673 0.143967822194099 0.141874179244041 0.139074429869652 0.135867953300476 0.132408291101456 -9999 -9999 0.106999047100544 0.0993311107158661 0.102998949587345 0.115692943334579 0.135538458824158 0.151584103703499 0.15929052233696 0.154976487159729 0.136192485690117 0.108788564801216 -9999 -9999 -9999
-9999 -9999 -9999 -9999 -9999 -9999 -9999 -9999 -9999 -9999 -9999 -9999 -9999 -9999 -9999 0.178559079766273 -9999 0.171983912587166 0.1664859354496 0.15929302573204 0.152058199048042 0.151625737547874 0.151409506797791 0.14804595708847 0.145697519183159 0.145492047071457 0.144349560141563 0.142061859369278 0.139211133122444 0.135950312018394 0.132442399859428 0.128832146525383 0.11764007806778 0.104957610368729 0.0983994454145432 0.0946362689137459 0.115961134433746 0.136481434106827 0.154172822833061 0.164098054170609 0.15960069000721 0.141230717301369 0.107746057212353 0.0773889198899269 0.0490554198622704 -9999
-9999 -9999 -9999 -9999 -9999 -9999 -9999 -9999 -9999 -9999 -9999 0.197704553604126 0.1991808116436 0.200640991330147 0.205586954951286 0.194735899567604 0.179266482591629 0.177851676940918 0.171614140272141 0.1664859354496 0.159334927797318 0.152058199048042 0.151409506797791 0.14804595708847 0.145697519183159 0.145492047071457 0.144349560141563 0.142061859369278 0.139211133122444 0.135950312018394 0.132442399859428 0.128832146525383 0.11764007806778 0.104957610368729 0.0983994454145432 0.0946362689137459 0.115961134433746 0.136481434106827 0.154172822833061 0.164098054170609 0.15960069000721 0.141230717301369 0.107746057212353 0.0773889198899269 0.0490554198622704 0.0415674038231373
-9999 -9999 -9999 -9999 -9999 -9999 -9999 -9999 -9999 -9999 -9999 0.189789474010468 0.197704553604126 0.200657069683075 -9999 0.212542444467545 0.200457513332367 0.18068128824234 0.177851676940918 0.170504823327065 0.1664859354496 0.15946064889431 0.152258545160294 0.144316464662552 0.140875443816185 0.14693646132946 0.149596482515335 0.148099780082703 0.14640186727047 0.144557371735573 0.1418297290802 0.138736337423325 0.136810511350632 0.135114207863808 0.130356162786484 0.126938879489899 0.137726947665215 0.149159833788872 0.162859901785851 0.171280652284622 0.169897079467773 0.15679919719696 0.130938157439232 0.10976529866457 0.0916259065270424 0.068755216896534
-9999 -9999 -9999 -9999 -9999 -9999 -9999 -9999 -9999 -9999 -9999 -9999 -9999 -9999 -9999 0.209369897842407 0.224647849798203 0.209736868739128 0.183510884642601 0.177851676940918 0.167176872491837 0.160840004682541 0.153229936957359 0.140291333198547 0.135637030005455 0.148471564054489 0.155290007591248 0.154755532741547 0.154351204633713 0.154041692614555 0.152194455265999 0.149710401892662 0.157629460096359 0.167593523859978 0.164831906557083 0.161846548318863 0.161279425024986 0.162909537553787 0.172265216708183 0.17905256152153 0.181070223450661 0.173758089542389 0.15628083050251 0.144975408911705 0.13766348361969 0.0986577123403549
0.146289065480232 0.14616023004055 -9999 -9999 -9999 -9999 -9999 -9999 -9999 -9999 -9999 0.164114430546761 0.181676506996155 -9999 -9999 -9999 0.220890492200851 0.243538424372673 0.222892850637436 0.189170092344284 0.189114764332771 0.171906918287277 0.155153885483742 0.140304312109947 0.13446144759655 0.147632494568825 0.156344145536423 0.159605503082275 0.160926923155785 0.160835310816765 0.160325363278389 0.159642159938812 0.162069916725159 0.165109217166901 0.164217665791512 0.163282603025436 0.16334456205368 0.165183365345001 0.173269599676132 0.17972506582737 0.183151990175247 0.17917189002037 0.167121559381485 0.154211655259132 0.140745565295219 0.107494927942753
0.146391242742538 0.145929217338562 0.145895108580589 -9999 -9999 -9999 -9999 -9999 -9999 -9999 -9999 0.155455991625786 0.165448591113091 0.181676506996155 -9999 -9999 0.221324726939201 0.243642181158066 0.265648365020752 0.238151907920837 0.207474738359451 0.180000603199005 0.154835850000381 0.139336049556732 0.133294776082039 0.14722116291523 0.157721668481827 0.164035052061081 0.166719034314156 0.166759446263313 0.167246654629707 0.167918890714645 0.165750980377197 0.163024753332138 0.163761734962463 0.164591088891029 0.165069967508316 0.167080000042915 0.174473568797112 0.18075567483902 0.184973657131195 0.183367386460304 0.17541541159153 0.161179915070534 0.142878696322441 0.116157069802284
0.146391242742538 0.145929217338562 0.145826905965805 0.145859524607658 0.146410465240479 -9999 -9999 -9999 -9999 -9999 -9999 -9999 0.157454535365105 0.167730197310448 0.181676506996155 0.197704553604126 0.221324726939201 0.243642181158066 0.265648365020752 0.237961992621422 0.206643417477608 0.172146484255791 0.142492145299911 0.133104622364044 0.132175847887993 0.149104163050652 0.160833775997162 0.166209504008293 0.168308168649673 0.168019860982895 0.16767980158329 0.167318299412727 0.165358781814575 0.163085117936134 0.164154946804047 0.165215268731117 0.164973184466362 0.166953533887863 0.176748052239418 0.183707028627396 0.185400128364563 0.181028217077255 0.170048266649246 0.155983135104179 0.139921724796295 0.123880125582218
0.146126598119736 0.145663619041443 0.145593464374542 0.145635023713112 0.146382689476013 -9999 -9999 -9999 -9999 0.15282279253006 0.154066532850266 0.155051544308662 0.155681371688843 0.161630675196648 0.171932220458984 0.189968481659889 0.211668521165848 0.233130693435669 0.254536002874374 0.22778631746769 0.197375789284706 0.161832854151726 0.132924526929855 0.131782665848732 0.136273220181465 0.152654260396957 0.16342756152153 0.167347058653831 0.168966114521027 0.168909579515457 0.168065920472145 0.166896283626556 0.164906099438667 0.162754625082016 0.163888558745384 0.165015071630478 0.164880722761154 0.167121455073357 0.177713140845299 0.184276431798935 0.183358550071716 0.177287384867668 0.165601566433907 0.153845995664597 0.142045319080353 0.135306224226952
0.145200341939926 0.144734025001526 0.145050182938576 0.145588859915733 0.146382689476013 0.147213697433472 0.148343130946159 0.149565428495407 0.151260137557983 0.15282279253006 0.154066532850266 0.155051544308662 0.155681371688843 0.155013278126717 0.153283268213272 0.16289184987545 0.177871286869049 0.196339890360832 0.215642184019089 0.192645698785782 0.167016938328743 0.145370379090309 0.130297258496284 0.142734661698341 0.153411626815796 0.160372197628021 0.164725542068481 0.16589230298996 0.167296096682549 0.168872520327568 0.168334454298019 0.166920676827431 0.164302214980125 0.161446928977966 0.16197307407856 0.162753865122795 0.16479903459549 0.168025344610214 0.17540468275547 0.178890779614449 0.175146713852882 0.170042380690575 0.163455992937088 0.159358158707619 0.156870558857918 0.155990079045296
0.149175584316254 0.150342285633087 0.147871553897858 0.144366353750229 0.145111471414566 0.146286845207214 0.147332429885864 0.148430570960045 0.149796098470688 0.150667980313301 0.150347828865051 0.150060042738914 0.149816706776619 0.147781953215599 0.144281521439552 0.150284141302109 0.160788133740425 0.173942402005196 0.18772991001606 0.171051397919655 0.152752369642258 0.141329914331436 0.135375902056694 0.152307897806168 0.164170935750008 0.165333032608032 0.165875151753426 0.165659531950951 0.166681081056595 0.168603762984276 0.167739227414131 0.165720403194427 0.163581669330597 0.161419346928596 0.161818832159042 0.162508323788643 0.165104255080223 0.168078899383545 0.172385096549988 0.172954738140106 0.166585192084312 0.162011072039604 0.159393131732941 0.159158378839493 0.160465657711029 0.163163632154465
0.160080671310425 0.165193870663643 0.155449971556664 0.141480684280396 0.142042979598045 0.144049614667892 0.144892781972885 0.145691215991974 0.146262183785439 0.145466640591621 0.141371548175812 0.138011455535889 0.135660454630852 0.13968263566494 0.148919194936752 0.158132836222649 0.167335629463196 0.171894401311874 0.175343558192253 0.168609097599983 0.161242142319679 0.154851883649826 0.151349276304245 0.159931808710098 0.165911361575127 0.166395798325539 0.166814982891083 0.167154431343079 0.167557686567307 0.168007403612137 0.165922805666924 0.162788659334183 0.162696182727814 0.163201615214348 0.164154633879662 0.165112569928169 0.165956497192383 0.166930183768272 0.168360069394112 0.166240513324738 0.157529264688492 0.152868092060089 0.152619615197182 0.150882959365845 0.148183405399323 0.151236072182655
0.166101545095444 0.171643733978271 0.160016939043999 0.143507301807404 0.139703363180161 0.137292563915253 0.137381538748741 0.13840289413929 0.144167095422745 0.146541848778725 0.140732407569885 0.136087685823441 0.133041933178902 0.139407947659492 0.153474420309067 0.163198232650757 0.170865014195442 0.171979904174805 0.171529322862625 0.168394014239311 0.165095865726471 0.162111982703209 0.160690769553185 0.165809571743011 0.169077068567276 0.168436333537102 0.168077871203423 0.168064400553703 0.167829483747482 0.167433261871338 0.165265649557114 0.162364453077316 0.163683950901031 0.165833130478859 0.166411817073822 0.166785776615143 0.165728166699409 0.164787963032722 0.164260610938072 0.161451905965805 0.154406487941742 0.1503546833992 0.149564504623413 0.14586552977562 0.140284404158592 0.140720501542091
0.16800931096077 0.171018317341805 0.162047937512398 0.149670630693436 0.137977570295334 0.12672932446003 0.125599429011345 0.12728376686573 0.143283694982529 0.15290267765522 0.147114157676697 0.142690196633339 0.140139549970627 0.145722538232803 0.15796023607254 0.165919750928879 0.171852812170982 0.173862084746361 0.174933820962906 0.170054525136948 0.165045484900475 0.164098829030991 0.164447426795959 0.170216843485832 0.173443034291267 0.171300262212753 0.169612795114517 0.168481782078743 0.167591959238052 0.166877835988998 0.165584728121758 0.164051875472069 0.166249200701714 0.169179812073708 0.168602764606476 0.167674973607063 0.164589837193489 0.161809056997299 0.160098448395729 0.158284887671471 0.156280145049095 0.15342415869236 0.149640753865242 0.143591687083244 0.136076644062996 0.131393983960152
0.166133835911751 0.168618157505989 0.164889544248581 0.159393966197968 0.14726559817791 0.134872257709503 0.133654862642288 0.134626731276512 0.146734997630119 0.154170632362366 0.150323688983917 0.147669702768326 0.14665350317955 0.150857761502266 0.159333258867264 0.164872273802757 0.169020339846611 0.170250654220581 0.170783832669258 0.167156964540482 0.16356934607029 0.164712473750114 0.166702702641487 0.172238081693649 0.174924090504646 0.171594858169556 0.169169649481773 0.167849361896515 0.166433781385422 0.164948806166649 0.164905443787575 0.165459096431732 0.167064175009727 0.168875932693481 0.167422696948051 0.165705740451813 0.162593707442284 0.160034447908401 0.159418791532516 0.159203246235847 0.15973074734211 0.157441139221191 0.152082219719887 0.143790975213051 0.133602365851402 0.126655057072639
0.162406966090202 0.16534948348999 0.168127804994583 0.170859441161156 0.161943465471268 0.152169436216354 0.151418223977089 0.151004493236542 0.152307569980621 0.152946293354034 0.151980817317963 0.151854977011681 0.152881816029549 0.155415832996368 0.159182995557785 0.161980360746384 0.164318338036537 0.163950830698013 0.1629369109869 0.162028849124908 0.161395460367203 0.164654120802879 0.168223232030869 0.173091664910316 0.174993380904198 0.170632109045982 0.167758524417877 0.166703179478645 0.164825052022934 0.162347599864006 0.163737580180168 0.166729211807251 0.167022585868835 0.166785567998886 0.164592951536179 0.162337690591812 0.160177782177925 0.158849164843559 0.160443380475044 0.162120878696442 0.163953065872192 0.161921799182892 0.155681163072586 0.14520052075386 0.131976410746574 0.124161176383495
