Ecospace-environmental-drivers/Outputs/ASCII-for-ecospace/MOM6-ISIMIP3a/phyc-vint/2001-12_phyc-vint_MOM6-ISIMIP3a.asc
NCOLS 131 
NROWS 53 
XLLCORNER -98 
YLLCORNER 23.9265270233154 
CELLSIZE 0.133587792515755 
NODATA_value -9999 
[rows 20 to 39 of 53, columns 0 to 44 of 131]
-9999 -9999 -9999 -9999 -9999 -9999 -9999 -9999 0.0654570460319519 0.0698153600096703 0.0740978121757507 0.0734210759401321 0.0747735053300858 0.0767862200737 0.0780812650918961 0.0785482451319695 0.088512510061264 0.104998998343945 0.104684300720692 0.0978820398449898 0.103721372783184 0.111791551113129 0.119057424366474 0.125503167510033 0.125261291861534 0.12440101057291 0.121535561978817 0.118490643799305 0.115132547914982 0.117964580655098 0.127166152000427 0.129763752222061 0.128338292241096 0.127897188067436 0.127784192562103 0.127099171280861 0.126337096095085 0.125854000449181 0.125320091843605 0.124462470412254 0.123591437935829 0.122683048248291 0.124692983925343 0.131213039159775 0.134523659944534
-9999 -9999 -9999 -9999 -9999 -9999 0.0616657882928848 0.062063992023468 0.0633821934461594 0.0654570460319519 0.0698912143707275 0.0740978121757507 0.0713919028639793 0.0633317604660988 0.0650036633014679 0.0779048204421997 0.0933607444167137 0.110571153461933 0.110367730259895 0.103440187871456 0.098384402692318 0.0936589241027832 0.113101415336132 0.131028816103935 0.131920665502548 0.131830185651779 0.128554672002792 0.125073045492172 0.121231712400913 0.117422491312027 0.113646320998669 0.111175738275051 0.109500512480736 0.108891822397709 0.108638636767864 0.108065895736217 0.107453607022762 0.107482835650444 0.107347324490547 0.106162689626217 0.105357080698013 0.10560654848814 0.111387401819229 0.125716686248779 0.132748797535896
-9999 -9999 -9999 -9999 -9999 -9999 0.0616126209497452 0.0616657882928848 0.0624621920287609 0.0639437437057495 0.0654570460319519 0.07011878490448 0.0737776309251785 0.075452022254467 0.0788212865591049 0.0841461792588234 0.0959468632936478 0.112194769084454 0.11216713488102 0.105854921042919 0.102163165807724 0.0989338383078575 0.116140656173229 0.131975829601288 0.132651776075363 0.132410123944283 0.129193291068077 0.125902652740479 0.122483238577843 0.119057320058346 0.115624710917473 0.112852849066257 0.11048349738121 0.10857018083334 0.106808871030807 0.106179915368557 0.105714567005634 0.106235764920712 0.106799378991127 0.107633091509342 0.108582980930805 0.109856307506561 0.113078854978085 0.119313806295395 0.121800631284714
-9999 -9999 -9999 -9999 0.0647014454007149 0.0626769587397575 0.061540637165308 0.0616314373910427 0.0616657882928848 0.063258595764637 0.0653935521841049 0.0696035698056221 0.0765860006213188 0.089054249227047 0.094285286962986 0.0911657139658928 0.0986660793423653 0.113459639251232 0.113524705171585 0.107902556657791 0.106566861271858 0.105987593531609 0.1196219176054 0.132114335894585 0.132497414946556 0.132065191864967 0.128989413380623 0.12596184015274 0.123018406331539 0.120531938970089 0.118515677750111 0.115879066288471 0.112864539027214 0.109669104218483 0.106413371860981 0.105697646737099 0.105342477560043 0.106307029724121 0.107515759766102 0.110279485583305 0.11290992051363 0.115169279277325 0.115540817379951 0.112994857132435 0.110589608550072
-9999 -9999 -9999 -9999 0.0692498311400414 0.0653383433818817 0.0638132840394974 0.061540637165308 0.061687882989645 0.063561923801899 0.0660177171230316 0.0707002282142639 0.0790475457906723 0.0946465060114861 0.102775864303112 0.102286465466022 0.106453031301498 0.113817058503628 0.112521760165691 0.107882767915726 0.109711192548275 0.112680919468403 0.118978597223759 0.124723717570305 0.125257015228271 0.125153064727783 0.122982874512672 0.120610795915127 0.117886401712894 0.116599515080452 0.116791792213917 0.115442767739296 0.113154783844948 0.110492117702961 0.107704557478428 0.106611631810665 0.10576356202364 0.106395021080971 0.106975972652435 0.107235245406628 0.108163684606552 0.110954940319061 0.111679896712303 0.109211519360542 0.106685675680637
-9999 -9999 -9999 -9999 -9999 0.0692498311400414 0.0667496100068092 0.0660859346389771 0.0632879287004471 0.0667336508631706 0.0705029517412186 0.0755107551813126 0.0844633877277374 0.101221710443497 0.11057997494936 0.111399725079536 0.112335331737995 0.113350503146648 0.110934861004353 0.107194453477859 0.111074306070805 0.116298906505108 0.116826876997948 0.117350913584232 0.118699096143246 0.119239747524261 0.117162063717842 0.115124017000198 0.113155141472816 0.112915001809597 0.114453703165054 0.114133954048157 0.112682051956654 0.110704183578491 0.108550995588303 0.107329979538918 0.106249943375587 0.106858722865582 0.107120864093304 0.105175487697124 0.104419976472855 0.106976754963398 0.107684783637524 0.105535671114922 0.103146612644196
-9999 -9999 -9999 -9999 -9999 0.0686954632401466 0.0692498311400414 0.0701220408082008 0.0718068182468414 0.0824825167655945 0.0919178426265717 0.0966055914759636 0.102832980453968 0.112106874585152 0.115374140441418 0.11171068996191 0.109866261482239 0.109271034598351 0.106787502765656 0.103574827313423 0.104627266526222 0.106432370841503 0.108061283826828 0.110056236386299 0.115133672952652 0.117705978453159 0.11215565353632 0.109042130410671 0.110181041061878 0.110317513346672 0.109422490000725 0.10899942368269 0.108863867819309 0.108237415552139 0.10744734108448 0.107190519571304 0.107022613286972 0.108969777822495 0.110267870128155 0.107432425022125 0.105072014033794 0.10403399169445 0.10310123860836 0.102331161499023 0.101207457482815
-9999 -9999 0.0676132589578629 0.0677096620202065 0.0677731782197952 0.0681404396891594 0.0686961188912392 0.0739607810974121 0.0800637602806091 0.0930913016200066 0.104640580713749 0.110531695187092 0.115579776465893 0.118959732353687 0.118270255625248 0.112885273993015 0.109378486871719 0.107161529362202 0.104926884174347 0.102685414254665 0.101512059569359 0.100527197122574 0.1018435806036 0.103814147412777 0.110816307365894 0.114625185728073 0.108080171048641 0.104619167745113 0.106540031731129 0.106553934514523 0.104605622589588 0.104477733373642 0.105458833277225 0.105973072350025 0.106331706047058 0.106732770800591 0.107154883444309 0.109686776995659 0.111536227166653 0.109039634466171 0.106241628527641 0.102604582905769 0.100129581987858 0.0994504615664482 0.0986653938889503
-9999.000000000000000 -9999 -9999 -9999 0.0672153607010841 0.0674059242010117 0.0670674070715904 0.0773689225316048 0.0877491384744644 0.0924851819872856 0.09839828312397 0.108816668391228 0.116058468818665 0.117014706134796 0.117025107145309 0.115944162011147 0.113213613629341 0.109350204467773 0.108055591583252 0.107752896845341 0.105666413903236 0.103265151381493 0.101185008883476 0.0998686254024506 0.104858309030533 0.10816902667284 0.106035843491554 0.103815734386444 0.101443916559219 0.100246153771877 0.100256450474262 0.101293191313744 0.102955237030983 0.104150392115116 0.105189919471741 0.105580568313599 0.105889901518822 0.107362158596516 0.108705669641495 0.109229244291782 0.108540527522564 0.104477077722549 0.100674837827682 0.0972762703895569 0.0948078706860542
-9999 -9999 -9999 -9999 0.0665313675999641 0.0660997107625008 0.0661064609885216 0.079171359539032 0.0918862298130989 0.0924364253878593 0.0956165120005608 0.108862712979317 0.117696978151798 0.117801249027252 0.118160493671894 0.118813946843147 0.116537898778915 0.112250037491322 0.111121669411659 0.111213304102421 0.109001465141773 0.106383137404919 0.102765776216984 0.0997917801141739 0.102361507713795 0.104405127465725 0.104742914438248 0.1034951582551 0.099480465054512 0.0976409465074539 0.0980396270751953 0.0998513996601105 0.102524019777775 0.103606902062893 0.104159876704216 0.104400634765625 0.104601204395294 0.10521411895752 0.105889745056629 0.106964759528637 0.106699116528034 0.102701418101788 0.0985266789793968 0.0940783470869064 0.0909168794751167
-9999 -9999 -9999 -9999 0.0660940855741501 0.06608846783638 0.0660815238952637 0.078953705728054 0.0915592685341835 0.0930888578295708 0.0971883535385132 0.111124344170094 0.120794631540775 0.122024327516556 0.122290790081024 0.121445834636688 0.119219526648521 0.116044580936432 0.114108949899673 0.112651862204075 0.111305758357048 0.109979242086411 0.107163809239864 0.104582048952579 0.104219153523445 0.104028306901455 0.104395307600498 0.103782050311565 0.101458162069321 0.0996938943862915 0.0985054671764374 0.100602127611637 0.104700028896332 0.104672752320766 0.103270418941975 0.103185810148716 0.103282667696476 0.103288218379021 0.103092230856419 0.10161280632019 0.0996488481760025 0.0963360592722893 0.0929899886250496 0.0895924866199493 0.0869837626814842
-9999 -9999 -9999 -9999 0.06608846783638 0.0660800635814667 0.0660701990127563 0.0755860954523087 0.0850329995155334 0.0877974629402161 0.0929697826504707 0.107358328998089 0.118591018021107 0.123579144477844 0.125585377216339 0.124150969088078 0.121566735208035 0.118192858994007 0.115696653723717 0.113539345562458 0.112530678510666 0.111724704504013 0.109738707542419 0.107763320207596 0.10609170794487 0.104706302285194 0.104248888790607 0.103362813591957 0.101728670299053 0.100690625607967 0.100265972316265 0.102161653339863 0.105470880866051 0.105160631239414 0.103643909096718 0.103009752929211 0.102489352226257 0.100826248526573 0.0989803969860077 0.0959707498550415 0.0930681377649307 0.0904635041952133 0.0879046767950058 0.0854166522622108 0.0834342539310455
-9999 -9999 -9999 -9999 0.0660795792937279 0.0660701990127563 0.0683448761701584 0.0698559805750847 0.0738571882247925 0.0780481323599815 0.0844083428382874 0.0990715399384499 0.11241140216589 0.12313274294138 0.128253176808357 0.126911044120789 0.123663127422333 0.11910642683506 0.116234667599201 0.114013515412807 0.112946048378944 0.112082175910473 0.110946223139763 0.109737828373909 0.107975445687771 0.106175422668457 0.104253374040127 0.102413959801197 0.100718766450882 0.100895188748837 0.102997481822968 0.104327797889709 0.105187833309174 0.105215035378933 0.104964628815651 0.103612773120403 0.102089948952198 0.0979622229933739 0.0938828140497208 0.0901110991835594 0.0868395939469337 0.0849605426192284 0.0831578969955444 0.0814733430743217 0.0801724493503571
-9999 -9999 -9999 -9999 0.0660701990127563 0.0636139586567879 0.0628144443035126 0.0618672147393227 0.063923291862011 0.0751144364476204 0.0858206376433372 0.0946706682443619 0.105628773570061 0.120758146047592 0.128453806042671 0.127572119235992 0.124825775623322 0.120798878371716 0.118572607636452 0.117041617631912 0.115136362612247 0.113165058195591 0.112531170248985 0.111793592572212 0.109947867691517 0.108076810836792 0.106123611330986 0.10412572324276 0.102049857378006 0.102147780358791 0.104482501745224 0.105835132300854 0.10658947378397 0.105542674660683 0.103895492851734 0.100574240088463 0.097013846039772 0.0923754051327705 0.0879748836159706 0.0850894674658775 0.0826334357261658 0.0813727229833603 0.080304779112339 0.0795347541570663 0.0790205746889114
-9999 -9999 -9999 -9999 -9999 0.0582371838390827 0.0572263337671757 0.0567201375961304 0.0545216463506222 0.0751017704606056 0.0915074571967125 0.0919352248311043 0.0985877141356468 0.117557168006897 0.127597063779831 0.127333611249924 0.125588238239288 0.122825145721436 0.121681958436966 0.12116426974535 0.118087366223335 0.114558838307858 0.114277884364128 0.113884180784225 0.111958310008049 0.110163457691669 0.108793467283249 0.106977760791779 0.104384243488312 0.103849537670612 0.1054333075881 0.107060104608536 0.108713127672672 0.105987407267094 0.101802118122578 0.0959750041365623 0.089933417737484 0.0856216624379158 0.0817196518182755 0.0804269835352898 0.0792940333485603 0.0786056891083717 0.0782632380723953 0.078455351293087 0.0787729769945145
-9999 -9999 -9999 -9999 -9999 0.0553407147526741 0.0546707808971405 0.0530916452407837 0.054785531014204 0.0778106451034546 0.0954503789544106 0.0924771353602409 0.0968298763036728 0.115678697824478 0.125347882509232 0.12442521750927 0.123391665518284 0.122281968593597 0.12195548415184 0.121931418776512 0.119119450449944 0.115815505385399 0.115338779985905 0.114711612462997 0.112314842641354 0.110211968421936 0.109062053263187 0.108055770397186 0.107300154864788 0.10728757083416 0.108039557933807 0.107713997364044 0.10673201084137 0.101734653115273 0.0953988581895828 0.0897539854049683 0.0842245295643806 0.0814648941159248 0.079027459025383 0.0786419212818146 0.0782955437898636 0.0780581831932068 0.0781095996499062 0.0786072760820389 0.0791227146983147
-9999 -9999 -9999 -9999 -9999 0.0543101355433464 0.0541250333189964 0.0542005561292171 0.0570492222905159 0.0810826197266579 0.0990324765443802 0.0936971306800842 0.0961651504039764 0.114073857665062 0.122810624539852 0.120964422821999 0.12058287858963 0.121207177639008 0.121642269194126 0.122004307806492 0.119754508137703 0.117043800652027 0.116257786750793 0.115277700126171 0.112329177558422 0.109838783740997 0.108833804726601 0.108766734600067 0.110336385667324 0.111084848642349 0.110988333821297 0.108249738812447 0.103901602327824 0.0965099856257439 0.0881038755178452 0.0831974148750305 0.0787994191050529 0.0778454393148422 0.0770724639296532 0.077452190220356 0.0777813866734505 0.0779699087142944 0.0783465653657913 0.079013966023922 0.0795960426330566
-9999 -9999 -9999 -9999 -9999 -9999 0.0541345961391926 0.0550828985869884 0.0567269846796989 0.0776759460568428 0.0935322716832161 0.0898961797356606 0.09358249604702 0.111757785081863 0.120424903929234 0.118121080100536 0.117286510765553 0.117460936307907 0.117900960147381 0.118443541228771 0.118160933256149 0.11773270368576 0.117494150996208 0.117073178291321 0.115097507834435 0.113252177834511 0.111829496920109 0.111137174069881 0.111719384789467 0.110918395221233 0.108694106340408 0.103840306401253 0.0973846316337585 0.0904613733291626 0.0833822414278984 0.0800837650895119 0.0773246362805367 0.0769023969769478 0.0765664055943489 0.0767796412110329 0.0769607946276665 0.0770526453852654 0.0772580504417419 0.0776389464735985 0.0779711529612541
-9999 -9999 -9999 -9999 -9999 -9999 0.0531721748411655 0.0531203374266624 0.0560036525130272 0.0737392976880074 0.0874726623296738 0.0858870074152946 0.0910070911049843 0.109395921230316 0.1180679500103 0.11552831530571 0.11428315192461 0.113926954567432 0.114230819046497 0.114789552986622 0.116233631968498 0.117833942174911 0.118199326097965 0.118409872055054 0.117555469274521 0.116489894688129 0.114739596843719 0.113369338214397 0.112662307918072 0.110212028026581 0.105967983603477 0.0992224663496017 0.0909530743956566 0.0846851915121078 0.0790844783186913 0.0773386806249619 0.0761340782046318 0.0760989859700203 0.0760670527815819 0.0760552585124969 0.0760371088981628 0.0760012865066528 0.0760268568992615 0.0761473104357719 0.0762364342808723
-9999 -9999 -9999 -9999 -9999 -9999 0.0532387606799603 0.051313292235136 0.0522370263934135 0.0673395320773125 0.0797840803861618 0.082055076956749 0.089425265789032 0.106885313987732 0.115945480763912 0.115313500165939 0.114638216793537 0.113933198153973 0.112957306206226 0.11187681555748 0.111810944974422 0.11192411929369 0.11308666318655 0.114265367388725 0.115387283265591 0.116044834256172 0.115196689963341 0.113333910703659 0.10970051586628 0.105639763176441 0.101139269769192 0.0947436392307281 0.0871934965252876 0.082208663225174 0.0780789330601692 0.0768804252147675 0.0760885402560234 0.0755066126585007 0.0749471634626389 0.0745308846235275 0.0741599947214127 0.0739154443144798 0.073906846344471 0.0742628872394562 0.0743324309587479
