Ecospace-environmental-drivers/Outputs/ASCII-for-ecospace/MOM6-ISIMIP3a/phyc-vint/2003-10_phyc-vint_MOM6-ISIMIP3a.asc
NCOLS 131 
NROWS 53 
XLLCORNER -98 
YLLCORNER 23.9265270233154 
CELLSIZE 0.133587792515755 
NODATA_value -9999 
[rows 20 to 39 of 53, columns 0 to 44 of 131]
-9999 -9999 -9999 -9999 -9999 -9999 -9999 -9999 0.0757809430360794 0.0814299732446671 0.0861364156007767 0.0857524499297142 0.0867016166448593 0.0883851870894432 0.0909495279192924 0.0945301428437233 0.102469153702259 0.113401263952255 0.112737156450748 0.107595324516296 0.109904214739799 0.113527938723564 0.116683728992939 0.119400538504124 0.118544578552246 0.117506079375744 0.115875713527203 0.114811770617962 0.114736266434193 0.116456307470798 0.120023921132088 0.120870351791382 0.120059065520763 0.119742102921009 0.119589909911156 0.118038475513458 0.11629693210125 0.115012541413307 0.113767892122269 0.112776391208172 0.111892364919186 0.11130753159523 0.111888706684113 0.114271901547909 0.115947768092155
-9999 -9999 -9999 -9999 -9999 -9999 0.0673554018139839 0.0683254450559616 0.0713073164224625 0.0757809430360794 0.0823725536465645 0.0861364156007767 0.0844193175435066 0.0793045684695244 0.0828211903572083 0.096297062933445 0.105510622262955 0.11179706454277 0.112016268074512 0.109892688691616 0.108236700296402 0.106663234531879 0.113828115165234 0.120282381772995 0.119220428168774 0.117844715714455 0.115451700985432 0.113390490412712 0.111908324062824 0.110479936003685 0.10910689085722 0.108438223600388 0.108198657631874 0.107719577848911 0.107160657644272 0.105269350111485 0.10320470482111 0.102641083300114 0.101996690034866 0.100837856531143 0.099894143640995 0.0995492488145828 0.100865051150322 0.104747354984283 0.106671638786793
-9999 -9999 -9999 -9999 -9999 -9999 0.0672592744231224 0.0673554018139839 0.0692954808473587 0.0727974399924278 0.0757809430360794 0.0852002948522568 0.091521292924881 0.091711513698101 0.0940196812152863 0.0987716391682625 0.104294344782829 0.110346361994743 0.111149728298187 0.109926395118237 0.107678227126598 0.105249211192131 0.109778255224228 0.113830134272575 0.112636052072048 0.11121804267168 0.109073959290981 0.10716201364994 0.105655185878277 0.104510374367237 0.103738069534302 0.103371419012547 0.10325188934803 0.102702632546425 0.102010145783424 0.101051352918148 0.100059270858765 0.0995552614331245 0.0989482700824738 0.0976855009794235 0.0967497229576111 0.0967242047190666 0.0975088849663734 0.0995456650853157 0.100540556013584
-9999 -9999 -9999 -9999 0.0678396597504616 0.0674938559532166 0.0670505315065384 0.0673718824982643 0.0673554018139839 0.0712355598807335 0.0768178626894951 0.0889152362942696 0.0989630147814751 0.104955211281776 0.105985268950462 0.101289808750153 0.102892249822617 0.108819752931595 0.110080160200596 0.109538435935974 0.107073880732059 0.104270003736019 0.105734147131443 0.106991663575172 0.105748489499092 0.104364186525345 0.102522283792496 0.100830540060997 0.0994008406996727 0.0987553596496582 0.0989168137311935 0.0989414677023888 0.0988827794790268 0.0982815772294998 0.0974995493888855 0.0974931716918945 0.0975897163152695 0.0970905423164368 0.0964797809720039 0.0951583981513977 0.0942555814981461 0.0945179760456085 0.09470534324646 0.0947767719626427 0.0948152914643288
-9999 -9999 -9999 -9999 0.0685094222426414 0.0683048218488693 0.0679371878504753 0.0670505315065384 0.06770970672369 0.076099120080471 0.0844988077878952 0.0929378271102905 0.100098624825478 0.104730181396008 0.106075502932072 0.103629022836685 0.103828758001328 0.105845771729946 0.105845369398594 0.10506596416235 0.104304768145084 0.103546783328056 0.10330094397068 0.103089764714241 0.103073917329311 0.102603301405907 0.100658111274242 0.0989016219973564 0.0974744334816933 0.0965319201350212 0.096088133752346 0.0956708416342735 0.0952696949243546 0.0948005467653275 0.0943087264895439 0.0939680188894272 0.0936464816331863 0.0930878072977066 0.0925082340836525 0.0917956009507179 0.0912528932094574 0.0911832004785538 0.0912878960371017 0.0916621014475822 0.091794341802597
-9999 -9999 -9999 -9999 -9999 0.0685094222426414 0.0697221383452415 0.0688238441944122 0.0700946003198624 0.082386389374733 0.0930623486638069 0.0975536033511162 0.101543560624123 0.104541577398777 0.105976231396198 0.105607002973557 0.104713663458824 0.103460393846035 0.102294385433197 0.101162068545818 0.101523965597153 0.102149546146393 0.100734956562519 0.0995172560214996 0.100312598049641 0.100475773215294 0.0985892042517662 0.0968964621424675 0.0955419838428497 0.0943627506494522 0.093363843858242 0.0925073102116585 0.0917375162243843 0.0913226455450058 0.0910260826349258 0.0904189199209213 0.0897688344120979 0.0891198143362999 0.08853580057621 0.088365726172924 0.0881757736206055 0.0879304707050323 0.0880133435130119 0.0886033698916435 0.0887976735830307
-9999 -9999 -9999 -9999 -9999 0.0683426111936569 0.0685094222426414 0.0745047479867935 0.08138307929039 0.0949162468314171 0.10549583286047 0.104770354926586 0.104344792664051 0.104512669146061 0.105046026408672 0.106001101434231 0.105372346937656 0.103655911982059 0.10174173861742 0.0997512191534042 0.0986919179558754 0.0977969467639923 0.0975867360830307 0.0973890647292137 0.0971709117293358 0.096740648150444 0.0956226140260696 0.0945570543408394 0.0935830697417259 0.0924315080046654 0.0910972431302071 0.0898133292794228 0.0885600969195366 0.0878585204482079 0.0873408243060112 0.0867648497223854 0.0861787423491478 0.0853041931986809 0.0845594927668571 0.0846416875720024 0.0847722589969635 0.0850374773144722 0.0853653103113174 0.0857899188995361 0.0859074667096138
-9999 -9999 0.0690999105572701 0.068750686943531 0.0680650919675827 0.0681755989789963 0.0683428049087524 0.079902209341526 0.0920564085245132 0.104154519736767 0.112879209220409 0.108691915869713 0.105456084012985 0.104102954268456 0.104153521358967 0.105823755264282 0.105362541973591 0.103437580168247 0.101171121001244 0.0987727865576744 0.0968109220266342 0.0949260741472244 0.0952398851513863 0.0954686552286148 0.0945875942707062 0.0937957614660263 0.093293234705925 0.0926995575428009 0.0919468104839325 0.0907665640115738 0.0891464352607727 0.0875087380409241 0.0858603417873383 0.0848704874515533 0.0841001495718956 0.0834323912858963 0.0827769860625267 0.0818681269884109 0.0811179950833321 0.081378661096096 0.0817377716302872 0.0823709070682526 0.0828602984547615 0.0831275433301926 0.0831685662269592
-9999.000000000000000 -9999 -9999 -9999 0.0700113773345947 0.0679545775055885 0.0678527131676674 0.0846812427043915 0.101387567818165 0.106211021542549 0.109244003891945 0.105423822999001 0.102880164980888 0.102862372994423 0.103343278169632 0.104399599134922 0.103894203901291 0.102316312491894 0.100561283528805 0.0987378507852554 0.0970049947500229 0.0952881202101707 0.0946414992213249 0.0940016061067581 0.0932225435972214 0.0925750508904457 0.0923541486263275 0.0918935164809227 0.0910145491361618 0.0896826237440109 0.0878846198320389 0.0860537216067314 0.0842027813196182 0.0829212442040443 0.0818295031785965 0.0808016434311867 0.0797861367464066 0.0792601779103279 0.0788433477282524 0.0791214779019356 0.079508438706398 0.0801983624696732 0.0806673318147659 0.0807948037981987 0.0807597786188126
-9999 -9999 -9999 -9999 0.0732096508145332 0.07390396296978 0.0715840756893158 0.0901641994714737 0.108290933072567 0.108200713992119 0.107474125921726 0.104311779141426 0.102186918258667 0.102114953100681 0.102297618985176 0.10277409106493 0.102167226374149 0.100816383957863 0.099408432841301 0.0979784280061722 0.0965043678879738 0.0950225368142128 0.0939416438341141 0.0929045453667641 0.0921592637896538 0.091558150947094 0.0914244577288628 0.0909297317266464 0.0898049399256706 0.0882807001471519 0.0863454192876816 0.0844292789697647 0.082524798810482 0.0809368193149567 0.0794543474912643 0.0782746598124504 0.0771422758698463 0.0767678692936897 0.0764825269579887 0.076764389872551 0.0771566852927208 0.0778564289212227 0.0783121958374977 0.0783909186720848 0.078350268304348
-9999 -9999 -9999 -9999 0.0758371874690056 0.0777704119682312 0.0801575109362602 0.0965327471494675 0.11213993281126 0.110106341540813 0.108050964772701 0.105912208557129 0.10386224091053 0.101987972855568 0.100955791771412 0.100895263254642 0.100114852190018 0.0988400727510452 0.0975724309682846 0.0963075459003448 0.0951297506690025 0.0939673334360123 0.0931141301989555 0.0922729596495628 0.0914756432175636 0.0907976552844048 0.0905066058039665 0.0897674784064293 0.0882464200258255 0.0864787176251411 0.0844572260975838 0.08259167522192 0.0808211117982864 0.0789081528782845 0.0769477188587189 0.0758782252669334 0.0749349519610405 0.0744210481643677 0.0740133002400398 0.0742816030979156 0.0746509060263634 0.0753013789653778 0.0757530555129051 0.0758975148200989 0.0759398490190506
-9999 -9999 -9999 -9999 0.0777704119682312 0.0806600078940392 0.0840520933270454 0.0976522862911224 0.11057522892952 0.107161670923233 0.10462648421526 0.105453372001648 0.105044811964035 0.102191649377346 0.10031121224165 0.0995531529188156 0.0983661264181137 0.0968845188617706 0.0957725495100021 0.0948033034801483 0.0938464850187302 0.0928918570280075 0.0921124070882797 0.0913257598876953 0.0904472321271896 0.0896516293287277 0.0891249179840088 0.0881374552845955 0.0863459631800652 0.0844155251979828 0.0823421329259872 0.0804952159523964 0.0787862613797188 0.0767672061920166 0.0746447816491127 0.0735553950071335 0.0726114884018898 0.0720418989658356 0.0715998411178589 0.0719698965549469 0.0723989456892014 0.0729922205209732 0.0734424814581871 0.0736717283725739 0.0737944170832634
-9999 -9999 -9999 -9999 0.0808275043964386 0.0840520933270454 0.09312754124403 0.0948350057005882 0.104950182139874 0.100579217076302 0.0982009842991829 0.103450074791908 0.105857819318771 0.102643333375454 0.100189574062824 0.0986135676503181 0.0968451350927353 0.0949445441365242 0.0939997583627701 0.0934240445494652 0.0926317200064659 0.091801181435585 0.0909800156950951 0.0901418402791023 0.0891602262854576 0.0882164463400841 0.0873953402042389 0.0861566066741943 0.0841890424489975 0.0821564197540283 0.0800568610429764 0.0782046094536781 0.0765030235052109 0.0745420455932617 0.0724946036934853 0.0712877810001373 0.0702009126543999 0.0696385130286217 0.0692282021045685 0.0697864964604378 0.0703373551368713 0.0708674937486649 0.0713183432817459 0.0716466456651688 0.0718477293848991
-9999 -9999 -9999 -9999 0.0840520933270454 0.0906586050987244 0.0940043032169342 0.0959707722067833 0.0971008762717247 0.0976227298378944 0.0989832282066345 0.103553667664528 0.105468042194843 0.102126806974411 0.0993068367242813 0.0970883220434189 0.0950676500797272 0.0931828543543816 0.0926161259412766 0.092558354139328 0.0919630080461502 0.0912728011608124 0.0903438553214073 0.0893793180584908 0.0881617516279221 0.0869441106915474 0.0857262313365936 0.0842117592692375 0.0821797102689743 0.0801476091146469 0.0781154558062553 0.0762533992528915 0.0744949653744698 0.0726004764437675 0.0706606432795525 0.0693678110837936 0.0681703165173531 0.0677950978279114 0.0675547197461128 0.0681730359792709 0.0687523409724236 0.0692230686545372 0.069644995033741 0.0699915066361427 0.0702361911535263
-9999 -9999 -9999 -9999 -9999 0.0913950949907303 0.0914504826068878 0.0912071317434311 0.0882983058691025 0.0962202548980713 0.102854549884796 0.104560226202011 0.104562774300575 0.101195335388184 0.098097912967205 0.0953120663762093 0.0931802466511726 0.091497577726841 0.0913992747664452 0.0919127613306046 0.0915283113718033 0.0909854024648666 0.0899203643202782 0.088797390460968 0.0872869417071342 0.0857415795326233 0.0840830355882645 0.0822823569178581 0.0802336409687996 0.0782460719347 0.0763214230537415 0.0744476392865181 0.0726048350334167 0.070780448615551 0.0689621940255165 0.067596822977066 0.0663025677204132 0.0661916807293892 0.0661804527044296 0.066803827881813 0.0673715844750404 0.067784495651722 0.0681648552417755 0.0684949085116386 0.068768285214901
-9999 -9999 -9999 -9999 -9999 0.0892894044518471 0.0887304916977882 0.0871735364198685 0.0879273116588593 0.0983636528253555 0.106560848653316 0.106187589466572 0.104829676449299 0.101523414254189 0.0981283634901047 0.0946308523416519 0.0921450182795525 0.0903539434075356 0.0901838839054108 0.0906397625803947 0.0904218629002571 0.0900850594043732 0.089338943362236 0.0885297954082489 0.0872700586915016 0.0857952907681465 0.0836233347654343 0.0813406929373741 0.0788649022579193 0.0767252743244171 0.0749315693974495 0.0730698779225349 0.0711667761206627 0.0694948360323906 0.0678999423980713 0.0665071681141853 0.0651523023843765 0.0651847496628761 0.0652812570333481 0.0657857358455658 0.0662706643342972 0.0667011365294456 0.0670893639326096 0.067412294447422 0.0676496624946594
-9999 -9999 -9999 -9999 -9999 0.0879931002855301 0.0876872316002846 0.0878108143806458 0.0893008261919022 0.101240687072277 0.110233008861542 0.107943400740623 0.105339094996452 0.102112106978893 0.0984152406454086 0.094176210463047 0.0912861078977585 0.0893223807215691 0.0889687985181808 0.0892369523644447 0.0891764238476753 0.0890578925609589 0.0887248516082764 0.0883272364735603 0.0874306783080101 0.0861089155077934 0.0834084898233414 0.0806033909320831 0.0776156112551689 0.0752832591533661 0.0736253261566162 0.0717806667089462 0.0698222517967224 0.0683197975158691 0.0669693201780319 0.0655584707856178 0.0641504898667336 0.0643012300133705 0.0644803568720818 0.0648402944207191 0.065227635204792 0.065691277384758 0.0660975947976112 0.0664153248071671 0.0666033178567886
-9999 -9999 -9999 -9999 -9999 -9999 0.0875615850090981 0.0880773514509201 0.0890704467892647 0.101757921278477 0.111525028944016 0.110114194452763 0.107686512172222 0.103246785700321 0.0992057546973228 0.0956247597932816 0.092638224363327 0.0900599360466003 0.0886932611465454 0.0877944380044937 0.0870993807911873 0.086440272629261 0.0864681750535965 0.0865115001797676 0.0865579918026924 0.0861251503229141 0.0841381475329399 0.0815007835626602 0.0777284726500511 0.0748316869139671 0.0728358030319214 0.0709175243973732 0.0690465345978737 0.0677325576543808 0.0666042491793633 0.0652283579111099 0.0638293325901031 0.0639696791768074 0.0641246438026428 0.0643727332353592 0.0646906048059464 0.0652027577161789 0.0656567886471748 0.0660210102796555 0.0662764757871628
-9999 -9999 -9999 -9999 -9999 -9999 0.0869048908352852 0.0867965817451477 0.0886416211724281 0.102094374597073 0.112670794129372 0.112237811088562 0.110059820115566 0.104428954422474 0.100064359605312 0.0971608459949493 0.0941248014569283 0.0909977555274963 0.0886477306485176 0.0865977481007576 0.0851842537522316 0.0838830843567848 0.0841496512293816 0.0845221430063248 0.0854911655187607 0.0859503000974655 0.0847561880946159 0.0823796465992928 0.0779396519064903 0.0745161324739456 0.0721385553479195 0.0701264590024948 0.0683370232582092 0.0671975910663605 0.0662748217582703 0.0649435222148895 0.0635665506124496 0.0636880621314049 0.0638121142983437 0.0639523640275002 0.0642014369368553 0.0647534355521202 0.0652532577514648 0.0656724497675896 0.0660001933574677
-9999 -9999 -9999 -9999 -9999 -9999 0.0871893540024757 0.0858407393097878 0.0868619978427887 0.101629622280598 0.113393433392048 0.113659955561161 0.111831322312355 0.105856947600842 0.101408794522285 0.0987216457724571 0.0959896445274353 0.0932268276810646 0.0906069129705429 0.088042177259922 0.0853935480117798 0.0827301144599915 0.0819560065865517 0.0814513191580772 0.0828470289707184 0.0838791653513908 0.083732470870018 0.0822800174355507 0.0785489082336426 0.075178362429142 0.072178840637207 0.069900743663311 0.0680621340870857 0.0669394880533218 0.0660554841160774 0.0648461654782295 0.0636013746261597 0.0636754184961319 0.0637475103139877 0.0638071298599243 0.0639810636639595 0.0644732043147087 0.0649841129779816 0.0655240193009377 0.0659195929765701
