Ecospace-environmental-drivers/Outputs/ASCII-for-ecospace/MOM6-ISIMIP3a/phyc-vint/2004-09_phyc-vint_MOM6-ISIMIP3a.asc
NCOLS 131 
NROWS 53 
XLLCORNER -98 
YLLCORNER 23.9265270233154 
CELLSIZE 0.133587792515755 
NODATA_value -9999 
[rows 0 to 19 of 53, columns 45 to 89 of 131]
-9999 -9999 -9999 -9999 -9999 -9999 -9999 -9999 -9999 -9999 -9999 -9999 -9999 -9999 -9999 -9999 -9999 -9999 -9999 -9999 -9999 -9999 -9999 -9999 -9999 -9999 -9999 -9999 -9999 -9999 -9999 -9999 -9999 -9999 -9999 -9999 -9999 -9999 -9999 -9999 -9999 -9999 -9999 -9999 -9999
-9999 -9999 -9999 -9999 -9999 -9999 -9999 -9999 -9999 -9999 -9999 -9999 -9999 -9999 -9999 -9999 -9999 -9999 -9999 -9999 -9999 -9999 -9999 -9999 -9999 -9999 -9999 -9999 -9999 -9999 -9999 -9999 -9999 -9999 -9999 -9999 -9999 -9999 -9999 -9999 -9999 -9999 -9999 -9999 -9999
-9999 -9999 -9999 -9999 -9999 -9999 -9999 -9999 -9999 -9999 -9999 -9999 -9999 -9999 -9999 -9999 -9999 -9999 -9999 -9999 -9999 -9999 -9999 -9999 -9999 -9999 -9999 -9999 -9999 0.119250148534775 0.118838049471378 -9999 -9999 -9999 -9999 -9999 -9999 -9999 -9999 -9999 -9999 -9999 -9999 -9999 -9999
-9999 -9999 -9999 -9999 -9999 -9999 -9999 -9999 -9999 -9999 -9999 -9999 -9999 -9999 -9999 -9999 -9999 -9999 -9999 -9999 -9999 -9999 -9999 -9999 -9999 -9999 -9999 -9999 -9999 0.119374059140682 0.119181036949158 -9999 -9999 -9999 -9999 -9999 -9999 -9999 -9999 -9999 -9999 -9999 -9999 -9999 -9999
-9999 -9999 -9999 -9999 -9999 -9999 -9999 -9999 -9999 -9999 -9999 -9999 -9999 -9999 -9999 -9999 -9999 -9999 -9999 -9999 0.134924113750458 0.13404056429863 0.1333337277174 0.129210561513901 0.125899970531464 0.120994158089161 0.118825681507587 0.118837833404541 0.119185052812099 0.119563147425652 0.119373977184296 0.118605986237526 -9999 -9999 0.105082228779793 0.0992330238223076 0.0993028730154037 0.104945339262486 0.114806100726128 0.123272314667702 0.129920691251755 0.130713924765587 0.120721288025379 0.100218005478382 -9999
-9999 -9999 -9999 -9999 -9999 -9999 -9999 -9999 -9999 -9999 -9999 -9999 -9999 -9999 -9999 -9999 0.137005716562271 -9999 0.136548727750778 0.136167302727699 0.135473921895027 0.134924113750458 0.133863851428032 0.1333337277174 0.125087395310402 0.119278766214848 0.118616320192814 0.118581958115101 0.119315229356289 0.119657963514328 0.119716241955757 0.118747726082802 0.117353990674019 0.111589856445789 0.104966595768929 0.0986902266740799 0.0940422415733337 0.105176143348217 0.115617625415325 0.12362452596426 0.13057479262352 0.135562747716904 0.126004233956337 0.100596874952316 0.0740529075264931
-9999 -9999 -9999 -9999 -9999 -9999 -9999 -9999 -9999 -9999 -9999 -9999 0.135290026664734 0.135272651910782 0.135196194052696 0.13482753932476 0.135657981038094 0.137051790952682 0.13695964217186 0.136519223451614 0.136167302727699 0.135330364108086 0.134924113750458 0.1333337277174 0.125087395310402 0.119278766214848 0.118616320192814 0.118581958115101 0.119315229356289 0.119657963514328 0.119716241955757 0.118747726082802 0.117353990674019 0.111589856445789 0.104966595768929 0.0986902266740799 0.0940422415733337 0.105176143348217 0.115617625415325 0.12362452596426 0.13057479262352 0.135562747716904 0.126004233956337 0.100596874952316 0.0740529075264931
-9999 -9999 -9999 -9999 -9999 -9999 -9999 -9999 -9999 -9999 -9999 -9999 0.13538321852684 0.135290026664734 0.135255262255669 -9999 0.134184032678604 0.135051101446152 0.137143939733505 0.13695964217186 0.136430710554123 0.136167302727699 0.134899690747261 0.131338074803352 0.118175804615021 0.110827974975109 0.115754909813404 0.118421442806721 0.118325300514698 0.118213944137096 0.118091493844986 0.116521596908569 0.114352256059647 0.113471053540707 0.112843066453934 0.108732886612415 0.105943627655506 0.117317907512188 0.128012895584106 0.136319473385811 0.140909999608994 0.138599440455437 0.128859028220177 0.111023530364037 0.0957492291927338
0.133825942873955 -9999 -9999 -9999 -9999 -9999 -9999 -9999 -9999 -9999 -9999 -9999 -9999 -9999 -9999 -9999 0.134619385004044 0.132712230086327 0.133820310235023 0.137328237295151 0.13695964217186 0.136165201663971 0.134209856390953 0.129067406058311 0.110586695373058 0.101563565433025 0.112506158649921 0.118132151663303 0.117260180413723 0.116700120270252 0.116367258131504 0.114159122109413 0.111174374818802 0.115490600466728 0.121242024004459 0.119585089385509 0.118900299072266 0.130392327904701 0.141227006912231 0.149750426411629 0.151788234710693 0.14178155362606 0.131963536143303 0.122351050376892 0.119187660515308
0.134552344679832 0.134960547089577 0.134936794638634 -9999 -9999 -9999 -9999 -9999 -9999 -9999 -9999 -9999 0.130697712302208 0.135478749871254 -9999 -9999 -9999 0.133417174220085 0.129568532109261 0.131827995181084 0.137696832418442 0.13745154440403 0.132571429014206 0.124985307455063 0.106074258685112 0.0965635851025581 0.106897860765457 0.114070303738117 0.11737834662199 0.118269138038158 0.117399252951145 0.115572191774845 0.113348744809628 0.115106448531151 0.117646746337414 0.120019353926182 0.122772492468357 0.129303708672523 0.135449662804604 0.140241026878357 0.142079457640648 0.138433933258057 0.132772564888 0.124914862215519 0.119886502623558
0.135008051991463 0.135075554251671 0.134798035025597 0.134777545928955 -9999 -9999 -9999 -9999 -9999 -9999 -9999 -9999 0.127895176410675 0.130127742886543 0.135478749871254 -9999 -9999 0.135011911392212 0.129949569702148 0.123744122684002 0.130789831280708 0.137723565101624 0.129777491092682 0.119829729199409 0.101504743099213 0.0925121977925301 0.103221170604229 0.112089902162552 0.118709482252598 0.120736569166183 0.119418554008007 0.117712669074535 0.115846157073975 0.115342997014523 0.115107834339142 0.120665214955807 0.1261186003685 0.128460496664047 0.130519241094589 0.131582424044609 0.132720932364464 0.133999347686768 0.132269471883774 0.127261966466904 0.120365872979164
0.135132536292076 0.135075554251671 0.134798035025597 0.134736582636833 0.134373247623444 0.134205639362335 -9999 -9999 -9999 -9999 -9999 -9999 -9999 0.127213850617409 0.130508720874786 0.135478749871254 0.135290026664734 0.135011911392212 0.129949569702148 0.123744122684002 0.128328427672386 0.132554963231087 0.120785504579544 0.108916208148003 0.0966290757060051 0.0935488864779472 0.109905265271664 0.12127397954464 0.12654672563076 0.128022864460945 0.126733615994453 0.12375482916832 0.120076335966587 0.118908889591694 0.118235059082508 0.122446075081825 0.126642882823944 0.128933653235435 0.130131632089615 0.127487272024155 0.125241130590439 0.123734496533871 0.124728381633759 0.128446683287621 0.119668021798134
0.134652987122536 0.134626105427742 0.134388402104378 0.13429793715477 0.134249344468117 0.134209126234055 -9999 -9999 -9999 -9999 0.132191926240921 0.128665760159492 0.126628369092941 0.126634865999222 0.128378331661224 0.131542950868607 0.133373945951462 0.134573221206665 0.130470857024193 0.125101745128632 0.126761361956596 0.127812325954437 0.112976521253586 0.100888818502426 0.100302167236805 0.104703314602375 0.119634091854095 0.129192858934402 0.132185891270638 0.132621303200722 0.131193786859512 0.127550885081291 0.122990533709526 0.121432766318321 0.120465226471424 0.123463362455368 0.126499161124229 0.128468364477158 0.128888189792633 0.123860351741314 0.119459941983223 0.116224743425846 0.118247076869011 0.125997677445412 0.116961732506752
0.132663309574127 0.133053034543991 0.132954657077789 0.133478686213493 0.134179726243019 0.134209126234055 0.134158447384834 0.133801594376564 0.13347889482975 0.133329942822456 0.132191926240921 0.128665760159492 0.126628369092941 0.126634865999222 0.125376120209694 0.123082175850868 0.12666754424572 0.13303779065609 0.132295370101929 0.129853472113609 0.12743017077446 0.124134629964828 0.108125105500221 0.100076906383038 0.125347599387169 0.141152635216713 0.136974900960922 0.133948653936386 0.132329747080803 0.130499958992004 0.128516554832458 0.125731602311134 0.122614704072475 0.121351517736912 0.120452724397182 0.122571676969528 0.124685451388359 0.125656917691231 0.125505149364471 0.121403999626637 0.117925383150578 0.115602895617485 0.114415295422077 0.114464215934277 0.109234228730202
0.131928086280823 0.133844271302223 0.135634228587151 0.134562358260155 0.132676586508751 0.132728531956673 0.132946848869324 0.132302507758141 0.131689563393593 0.131236270070076 0.129697322845459 0.125536993145943 0.122926287353039 0.122443020343781 0.120681300759315 0.117873571813107 0.123208299279213 0.132399916648865 0.133530840277672 0.132735773921013 0.128348886966705 0.123279608786106 0.111869640648365 0.108519822359085 0.13890253007412 0.155552208423615 0.143210351467133 0.134528458118439 0.130319803953171 0.127313375473022 0.125182628631592 0.123313620686531 0.121553003787994 0.120797082781792 0.120238669216633 0.121690638363361 0.123118937015533 0.123588636517525 0.123209066689014 0.11984346807003 0.116841606795788 0.114515259861946 0.110978625714779 0.106123328208923 0.102742664515972
0.132966428995132 0.137978181242943 0.144129276275635 0.138336405158043 0.129146680235863 0.129154607653618 0.130022302269936 0.128684028983116 0.127370446920395 0.126182526350021 0.123675808310509 0.11798470467329 0.113990135490894 0.112324692308903 0.113593466579914 0.117262952029705 0.124339953064919 0.133031025528908 0.133933529257774 0.132975071668625 0.129620924592018 0.126415327191353 0.127767279744148 0.130047380924225 0.136211976408958 0.138777449727058 0.133744835853577 0.12920418381691 0.125264778733253 0.12262075394392 0.120920248329639 0.120049178600311 0.119521602988243 0.119573660194874 0.119739651679993 0.120824657380581 0.121901921927929 0.122571028769016 0.122449763119221 0.119549468159676 0.116395153105259 0.112769104540348 0.108100555837154 0.102296151220798 0.0979984998703003
0.13501538336277 0.140424028038979 0.147221460938454 0.139825284481049 0.128392457962036 0.124951392412186 0.122364483773708 0.120752714574337 0.119881562888622 0.122777782380581 0.123108081519604 0.117242708802223 0.112362258136272 0.108833976089954 0.111654497683048 0.119669429957867 0.126883551478386 0.133718356490135 0.134385645389557 0.133579298853874 0.130881771445274 0.128518491983414 0.132911071181297 0.135677292943001 0.131636992096901 0.128436222672462 0.127007782459259 0.124762400984764 0.121518582105637 0.119375504553318 0.118034198880196 0.117691822350025 0.117763139307499 0.118205539882183 0.118720889091492 0.119623057544231 0.120529681444168 0.121339917182922 0.121428318321705 0.118978708982468 0.11583998799324 0.111421518027782 0.106167934834957 0.100004479289055 0.0956333875656128
0.137915402650833 0.141448318958282 0.145763799548149 0.139389798045158 0.129975706338882 0.120218232274055 0.110720686614513 0.109189510345459 0.109723351895809 0.120761692523956 0.12713311612606 0.122235782444477 0.116888806223869 0.110924504697323 0.114051476120949 0.124616660177708 0.130616173148155 0.134453028440475 0.134879380464554 0.134490847587585 0.132133200764656 0.129752114415169 0.128998875617981 0.127919465303421 0.125475078821182 0.123512826859951 0.122568391263485 0.12106379121542 0.118874557316303 0.11734913289547 0.116307199001312 0.1160983517766 0.116234511137009 0.11671557277441 0.117264449596405 0.118138827383518 0.119026727974415 0.119929000735283 0.120186127722263 0.118174888193607 0.115193270146847 0.110409565269947 0.105031505227089 0.0990058779716492 0.0952717363834381
0.135294929146767 0.137662515044212 0.140468940138817 0.137309014797211 0.132452249526978 0.122922077775002 0.113244444131851 0.112500660121441 0.113246075809002 0.121566876769066 0.126323401927948 0.122473634779453 0.118985049426556 0.115992315113544 0.118965305387974 0.126819297671318 0.130477517843246 0.132148295640945 0.131842792034149 0.13106507062912 0.129156872630119 0.127189129590988 0.125485345721245 0.123805604875088 0.122226446866989 0.120870776474476 0.119986921548843 0.118761613965034 0.117118984460831 0.115950778126717 0.115128137171268 0.114911869168282 0.114946715533733 0.11533896625042 0.115801483392715 0.116719231009483 0.11764070391655 0.118433952331543 0.118604280054569 0.116584397852421 0.113541945815086 0.108600474894047 0.103482656180859 0.0981726944446564 0.0953000113368034
0.129972904920578 0.131522789597511 0.133296296000481 0.134423092007637 0.135365962982178 0.129265382885933 0.122701376676559 0.123090870678425 0.123463839292526 0.12375271320343 0.123147733509541 0.12038442492485 0.119891971349716 0.122517108917236 0.125110819935799 0.12767881155014 0.128444373607635 0.128356173634529 0.127078548073769 0.12551674246788 0.124111600220203 0.122768200933933 0.122166939079762 0.121474988758564 0.120403476059437 0.119345150887966 0.118314653635025 0.117142803966999 0.115798182785511 0.114859759807587 0.114217214286327 0.1139245480299 0.11377677321434 0.114017836749554 0.11433532834053 0.115331262350082 0.116311900317669 0.116897732019424 0.116856217384338 0.114608928561211 0.111398994922638 0.106401287019253 0.101731978356838 0.0974204689264297 0.095519095659256
