Ecospace-environmental-drivers/Outputs/ASCII-for-ecospace/MOM6-ISIMIP3a/phyc-vint/2004-12_phyc-vint_MOM6-ISIMIP3a.asc
NCOLS 131 
NROWS 53 
XLLCORNER -98 
YLLCORNER 23.9265270233154 
CELLSIZE 0.133587792515755 
NODATA_value -9999 
[rows 20 to 39 of 53, columns 45 to 89 of 131]
0.131776750087738 0.132019177079201 0.132314920425415 0.134211093187332 0.136562421917915 0.129115238785744 0.121096082031727 0.124712713062763 0.127725154161453 0.127664193511009 0.126855805516243 0.12424273788929 0.122844740748405 0.123114883899689 0.123046942055225 0.122702375054359 0.124199986457825 0.126570194959641 0.129603609442711 0.132795467972755 0.132903084158897 0.132728263735771 0.131526812911034 0.130320146679878 0.129091754555702 0.127263888716698 0.124170526862144 0.122043468058109 0.121097430586815 0.121179796755314 0.122011236846447 0.121784172952175 0.121118739247322 0.120189972221851 0.119209438562393 0.115638256072998 0.112342067062855 0.112669415771961 0.113163024187088 0.114241257309914 0.115058086812496 0.115389451384544 0.11447112262249 0.112191200256348 0.109596319496632
0.126711890101433 0.126596450805664 0.126113370060921 0.126065939664841 0.126142412424088 0.128334611654282 0.130726769566536 0.132670715451241 0.134428724646568 0.135240823030472 0.135292232036591 0.133506879210472 0.130920752882957 0.127235278487206 0.12502683699131 0.124026849865913 0.125234216451645 0.127487167716026 0.130446299910545 0.133574157953262 0.133648738265038 0.133325278759003 0.130261600017548 0.127619177103043 0.126739770174026 0.125802427530289 0.124742798507214 0.123033575713634 0.120530404150486 0.119788229465485 0.120328739285469 0.120009079575539 0.119333192706108 0.117353245615959 0.115116953849792 0.112153276801109 0.109510876238346 0.110270105302334 0.111360229551792 0.113613821566105 0.115364715456963 0.116182059049606 0.115366622805595 0.112772218883038 0.109692201018333
0.124122470617294 0.124245367944241 0.124388761818409 0.125421985983849 0.126708284020424 0.129348620772362 0.132033839821815 0.132188692688942 0.132095232605934 0.130738601088524 0.129477754235268 0.12844817340374 0.127011001110077 0.125014215707779 0.125431880354881 0.127824977040291 0.128534927964211 0.128447592258453 0.131133154034615 0.134481236338615 0.134492605924606 0.13406229019165 0.130539834499359 0.127528116106987 0.126653909683228 0.125041306018829 0.12186985462904 0.119337610900402 0.117586605250835 0.117017634212971 0.117309622466564 0.116153210401535 0.114396966993809 0.11355896294117 0.112901464104652 0.110745795071125 0.108743578195572 0.108782395720482 0.109322428703308 0.111624754965305 0.113577023148537 0.114879198372364 0.114558339118958 0.112469129264355 0.10933455824852
0.121822968125343 0.122262693941593 0.123148702085018 0.125429451465607 0.128106847405434 0.13042289018631 0.132562145590782 0.130926877260208 0.12896916270256 0.125371187925339 0.122759580612183 0.122529596090317 0.122455932199955 0.122596867382526 0.125826612114906 0.131583526730537 0.131821885704994 0.129446193575859 0.131804451346397 0.135293796658516 0.135213866829872 0.134662955999374 0.130826011300087 0.127557680010796 0.126669004559517 0.124366760253906 0.11908034235239 0.115755401551723 0.114827789366245 0.114402413368225 0.114342868328094 0.11231854557991 0.109480544924736 0.109847329556942 0.11084409058094 0.109515197575092 0.108159705996513 0.107385717332363 0.107278808951378 0.109517365694046 0.111566074192524 0.113262206315994 0.113422706723213 0.111910074949265 0.108801700174809
0.121165134012699 0.122460044920444 0.124221473932266 0.126664221286774 0.129300728440285 0.130213588476181 0.130806028842926 0.127511277794838 0.124236024916172 0.12105992436409 0.119219280779362 0.120603241026402 0.122467264533043 0.124990351498127 0.128050103783607 0.131548941135406 0.132004961371422 0.131019666790962 0.132417052984238 0.134383752942085 0.133787199854851 0.132835924625397 0.129284396767616 0.126265123486519 0.125473275780678 0.124231763184071 0.122040942311287 0.119998767971992 0.118138268589973 0.116101711988449 0.113936901092529 0.111475124955177 0.108890362083912 0.108714945614338 0.109013140201569 0.108566284179688 0.107982784509659 0.106334008276463 0.105437487363815 0.107185952365398 0.108529672026634 0.109121724963188 0.109048180282116 0.108249448239803 0.105953402817249
0.119625501334667 0.121463596820831 0.123759292066097 0.126331955194473 0.128983393311501 0.128881692886353 0.128343224525452 0.12362202256918 0.119287393987179 0.11691927164793 0.116112217307091 0.119074545800686 0.122627675533295 0.126991912722588 0.12974140048027 0.131169736385345 0.131686374545097 0.13177116215229 0.1320631057024 0.132404550909996 0.131111517548561 0.129584610462189 0.126287937164307 0.123516164720058 0.122941173613071 0.12269439548254 0.123140528798103 0.122416712343693 0.12026297301054 0.117295332252979 0.113734856247902 0.111025266349316 0.108668051660061 0.107823811471462 0.107276991009712 0.107227861881256 0.10699250549078 0.104757890105247 0.103269062936306 0.104402452707291 0.105039894580841 0.10475630313158 0.104514122009277 0.104317046701908 0.102831363677979
0.114219464361668 0.115232668817043 0.116566807031631 0.119128718972206 0.122039809823036 0.122627533972263 0.122781865298748 0.117655873298645 0.113393858075142 0.113526694476604 0.114904753863811 0.119289495050907 0.123441800475121 0.127275004982948 0.129099130630493 0.129279464483261 0.129168093204498 0.128918558359146 0.127471074461937 0.125737354159355 0.122959181666374 0.120088301599026 0.116912379860878 0.114381372928619 0.11454938352108 0.115007989108562 0.116080075502396 0.116830676794052 0.117188356816769 0.116271741688251 0.11442694067955 0.112301051616669 0.11005874723196 0.107990503311157 0.105956479907036 0.10418152064085 0.10243583470583 0.100882425904274 0.0996664091944695 0.0996367037296295 0.0995622202754021 0.0994046032428741 0.0992805287241936 0.0991929844021797 0.0985090360045433
0.109560251235962 0.110130377113819 0.110932022333145 0.112760297954082 0.114880554378033 0.115886755287647 0.116586841642857 0.112100884318352 0.108643114566803 0.110415630042553 0.113205701112747 0.118452787399292 0.122879855334759 0.126181125640869 0.127311244606972 0.126664966344833 0.125828206539154 0.124901235103607 0.122254632413387 0.119197160005569 0.11577483266592 0.112372986972332 0.109634011983871 0.107539728283882 0.108143553137779 0.108990639448166 0.110351249575615 0.111957363784313 0.113863527774811 0.114240542054176 0.113503731787205 0.111893378198147 0.109921261668205 0.107401996850967 0.104775175452232 0.101952791213989 0.0992438718676567 0.0977140739560127 0.0963332504034042 0.0954762473702431 0.0949229896068573 0.0949338302016258 0.0949310064315796 0.0949133038520813 0.0948438495397568
0.106530517339706 0.107490599155426 0.10869587957859 0.108213327825069 0.10725075006485 0.108084231615067 0.109009280800819 0.107442952692509 0.106385804712772 0.107918746769428 0.110434085130692 0.115321531891823 0.119315527379513 0.122082926332951 0.123023822903633 0.122470341622829 0.12069571018219 0.118342652916908 0.115675829350948 0.112934030592442 0.110702484846115 0.108543559908867 0.106931395828724 0.105701394379139 0.106070816516876 0.106614924967289 0.107527814805508 0.108639076352119 0.109992787241936 0.110010899603367 0.109056182205677 0.107812643051147 0.106449492275715 0.105165742337704 0.103897593915462 0.101507976651192 0.0990294888615608 0.0960885435342789 0.0935880914330482 0.0926364585757256 0.0921130999922752 0.0923850908875465 0.0925104096531868 0.0924759209156036 0.0926124528050423
0.104293659329414 0.105033315718174 0.105951845645905 0.104393839836121 0.102131500840187 0.102931052446365 0.103994466364384 0.103720106184483 0.103808395564556 0.105741396546364 0.108152575790882 0.111718341708183 0.114940144121647 0.117689721286297 0.118628315627575 0.118085198104382 0.116057574748993 0.113326773047447 0.110728822648525 0.108162626624107 0.106839872896671 0.105641975998878 0.105017982423306 0.104570060968399 0.104858987033367 0.105303518474102 0.106076523661613 0.106720604002476 0.107207104563713 0.106671780347824 0.105392172932625 0.104257270693779 0.103182286024094 0.102515161037445 0.101928219199181 0.100202545523643 0.0982790291309357 0.0948347374796867 0.0917710289359093 0.0900454744696617 0.0889774113893509 0.0891303718090057 0.0893356129527092 0.0895977988839149 0.0899584144353867
0.103054329752922 0.102805629372597 0.102568842470646 0.101489581167698 0.100170731544495 0.101110965013504 0.10220380872488 0.101173669099808 0.100828267633915 0.103966049849987 0.106487654149532 0.107521414756775 0.10954438149929 0.11292539536953 0.1140968054533 0.113460391759872 0.112041398882866 0.110251724720001 0.10783476382494 0.105267927050591 0.104499205946922 0.103907696902752 0.104097463190556 0.104328185319901 0.104730270802975 0.105331100523472 0.106351502239704 0.106563203036785 0.105786509811878 0.104453004896641 0.10271392762661 0.101362831890583 0.10017241537571 0.099343329668045 0.0985852777957916 0.0978143885731697 0.0968541353940964 0.0940485969185829 0.0911215916275978 0.0877674967050552 0.0854318290948868 0.0849874764680862 0.0852119624614716 0.0861651748418808 0.0867726877331734
0.102066822350025 0.100891686975956 0.0994765385985374 0.0983601212501526 0.0973286554217339 0.0980512052774429 0.0989043116569519 0.09843510389328 0.0985561907291412 0.101679995656013 0.103896245360374 0.103921107947826 0.105281084775925 0.108474001288414 0.109765529632568 0.109501399099827 0.108582936227322 0.107354529201984 0.105214051902294 0.102855645120144 0.102560773491859 0.102460950613022 0.103136658668518 0.103780701756477 0.104292221367359 0.104900278151035 0.105712115764618 0.105542190372944 0.104172356426716 0.102473363280296 0.100534617900848 0.0989960059523582 0.0976231098175049 0.0966289788484573 0.0957093089818954 0.0954307541251183 0.0949921160936356 0.0927577987313271 0.0900815203785896 0.0858512967824936 0.0828127264976501 0.0819871947169304 0.0820094048976898 0.0829552561044693 0.0836833789944649
0.101268194615841 0.099213071167469 0.0966022685170174 0.0950617492198944 0.0938256084918976 0.0940616726875305 0.094473160803318 0.095552459359169 0.0968151688575745 0.0990109071135521 0.100609965622425 0.100768268108368 0.101867146790028 0.104257307946682 0.105584420263767 0.10604178160429 0.10554276406765 0.104590728878975 0.102798342704773 0.100805178284645 0.100924022495747 0.10122986882925 0.10214564204216 0.103004015982151 0.103622183203697 0.104125648736954 0.104386940598488 0.103873461484909 0.102413028478622 0.100673072040081 0.0987295210361481 0.0970249027013779 0.0954192280769348 0.0942577421665192 0.0931835770606995 0.0930505022406578 0.0928022563457489 0.0910885035991669 0.0887484773993492 0.0842064321041107 0.0808885022997856 0.0798438861966133 0.0794976651668549 0.0799123719334602 0.0806663855910301
0.0990400537848473 0.0965472832322121 0.0934868976473808 0.0918851643800735 0.090698279440403 0.0910832434892654 0.091672457754612 0.0934322997927666 0.0951601713895798 0.0967254489660263 0.0978051126003265 0.0977122113108635 0.0983407646417618 0.0999597758054733 0.101153053343296 0.101998008787632 0.101908482611179 0.101376317441463 0.100134283304214 0.0987226441502571 0.0995403304696083 0.100494191050529 0.101200938224792 0.101867318153381 0.102364756166935 0.102520756423473 0.101955942809582 0.100779078900814 0.098854161798954 0.0970775634050369 0.0954089984297752 0.0942308530211449 0.0932558178901672 0.0923375487327576 0.0914304330945015 0.0914175435900688 0.0913255885243416 0.090137705206871 0.0881488248705864 0.083343617618084 0.0797580629587173 0.0784375220537186 0.0778110101819038 0.0779406577348709 0.078520379960537
0.0961992517113686 0.0934584066271782 0.090268187224865 0.0887607857584953 0.0877319797873497 0.0885381549596786 0.0895705297589302 0.0916389226913452 0.0935420393943787 0.0946044027805328 0.0952065885066986 0.0946976318955421 0.094766192138195 0.095627598464489 0.0966144278645515 0.0977038741111755 0.0980195850133896 0.0979687944054604 0.0973637923598289 0.0966263636946678 0.0982650890946388 0.0999708399176598 0.100276082754135 0.100576318800449 0.100855581462383 0.100560031831264 0.0990510061383247 0.0970736965537071 0.0945240557193756 0.0927126631140709 0.0914389938116074 0.0910841226577759 0.0911097526550293 0.0906106531620026 0.0900084003806114 0.0901048704981804 0.0901545882225037 0.0894948244094849 0.0878634750843048 0.0828159675002098 0.0789678171277046 0.0773470029234886 0.0764779672026634 0.0764280259609222 0.0767476707696915
0.0915807709097862 0.0891824886202812 0.0866768732666969 0.0853814035654068 0.0844300910830498 0.0845808908343315 0.0849042758345604 0.0868416726589203 0.0887960270047188 0.0908366665244102 0.0923892259597778 0.0927632600069046 0.0932784453034401 0.0939873978495598 0.094782181084156 0.0956471785902977 0.096168078482151 0.0965259894728661 0.0961799472570419 0.0956657081842422 0.0965115875005722 0.0973959043622017 0.0974797159433365 0.0976015776395798 0.0978827178478241 0.0976444110274315 0.0963094830513 0.0944506451487541 0.0919514819979668 0.0901059880852699 0.0887366235256195 0.0887035802006721 0.0892239585518837 0.0891104117035866 0.0888722613453865 0.0892324298620224 0.0895531326532364 0.0892719551920891 0.0878346040844917 0.0823321118950844 0.0780570060014725 0.0760613009333611 0.0750147849321365 0.0750024542212486 0.0753555744886398
0.0865944847464561 0.0846609771251678 0.0830084681510925 0.0819492489099503 0.0810587704181671 0.0803314447402954 0.0797074660658836 0.0814229100942612 0.0834028497338295 0.0867282226681709 0.089526578783989 0.0910523906350136 0.0922224670648575 0.0929041728377342 0.0935098826885223 0.0940534099936485 0.0947381108999252 0.0954896882176399 0.0953243896365166 0.0949400216341019 0.0946591347455978 0.0943965017795563 0.0942961275577545 0.0942784771323204 0.094607025384903 0.0945312157273293 0.0936017706990242 0.0920515283942223 0.0897425413131714 0.0878630951046944 0.0862965285778046 0.0864815637469292 0.0873920023441315 0.0876570716500282 0.0877952799201012 0.0884510725736618 0.0890695229172707 0.0891359746456146 0.0878587886691093 0.0818573087453842 0.0771212503314018 0.0747352167963982 0.0735246762633324 0.0735948905348778 0.0740422382950783
0.0832027718424797 0.0810405761003494 0.0786106288433075 0.0768634378910065 0.0753104165196419 0.0742682814598083 0.0733690857887268 0.0749171078205109 0.076781302690506 0.080253854393959 0.0835638046264648 0.086481124162674 0.0887992978096008 0.0902949199080467 0.0911992788314819 0.0916198790073395 0.0915653184056282 0.0912856832146645 0.0903673619031906 0.0892964452505112 0.0891260877251625 0.0890648886561394 0.0896920338273048 0.0903815850615501 0.0913323387503624 0.0920029208064079 0.0920820459723473 0.0914700701832771 0.0900134071707726 0.0879605263471603 0.0854733660817146 0.0855027064681053 0.0865742191672325 0.0872534066438675 0.0878554731607437 0.0885650664567947 0.0891927480697632 0.0889813601970673 0.0873641446232796 0.0808039978146553 0.0756216272711754 0.0729979276657104 0.0715574622154236 0.0714061856269836 0.0717349722981453
0.0798529237508774 0.0774499475955963 0.0742545425891876 0.0718741863965988 0.0697256252169609 0.0684995129704475 0.0674571916460991 0.0688276141881943 0.0705554187297821 0.0741011872887611 0.0778383612632751 0.0820376947522163 0.0853764563798904 0.0875337868928909 0.0886309146881104 0.0888606309890747 0.0880462005734444 0.086737185716629 0.085157722234726 0.0835136398673058 0.0835472047328949 0.0837725475430489 0.0851116478443146 0.0864959210157394 0.0880692079663277 0.0894825458526611 0.0905582010746002 0.0908844172954559 0.0902946591377258 0.088112011551857 0.0847691223025322 0.0845915600657463 0.085724875330925 0.0868738740682602 0.0880259573459625 0.088761068880558 0.0893581807613373 0.0887580141425133 0.0867304131388664 0.079683892428875 0.0741055831313133 0.0712538957595825 0.069574162364006 0.0691713020205498 0.0693557262420654
0.076187901198864 0.073746494948864 0.0706921294331551 0.068704828619957 0.0670209974050522 0.0667373985052109 0.0666399374604225 0.0676981434226036 0.0691367238759995 0.0725102052092552 0.0761253833770752 0.0803241357207298 0.0830878466367722 0.0838814452290535 0.0838090106844902 0.0830280184745789 0.0816652774810791 0.0800269767642021 0.0792124941945076 0.0785948485136032 0.0792375355958939 0.0800131261348724 0.0814627930521965 0.0830040946602821 0.0849289298057556 0.0867672488093376 0.0884229391813278 0.089385911822319 0.0895022451877594 0.0877222567796707 0.0845610052347183 0.0838088467717171 0.0840543657541275 0.0862502977252007 0.0888296291232109 0.0894040837883949 0.0896838754415512 0.0878104493021965 0.0848608911037445 0.0781275928020477 0.0726837068796158 0.0696344152092934 0.0676471814513206 0.0668170973658562 0.0666833817958832
