Ecospace-environmental-drivers/Outputs/ASCII-for-ecospace/MOM6-ISIMIP3a/phyc-vint/2005-11_phyc-vint_MOM6-ISIMIP3a.asc
NCOLS 131 
NROWS 53 
XLLCORNER -98 
YLLCORNER 23.9265270233154 
CELLSIZE 0.133587792515755 
NODATA_value -9999 
[rows 20 to 39 of 53, columns 0 to 44 of 131]
-9999 -9999 -9999 -9999 -9999 -9999 -9999 -9999 0.0678433552384377 0.0742112696170807 0.0800845250487328 0.079492874443531 0.080856017768383 0.0831540748476982 0.0843064785003662 0.0841369703412056 0.0941658616065979 0.111198432743549 0.111190736293793 0.10460314899683 0.110754862427711 0.119154661893845 0.124533645808697 0.129136636853218 0.127824366092682 0.126205086708069 0.123590357601643 0.121327236294746 0.119677685201168 0.124421373009682 0.135743588209152 0.139807194471359 0.139448910951614 0.139154568314552 0.138881549239159 0.138687238097191 0.138501450419426 0.137987032532692 0.137326195836067 0.135732933878899 0.134388789534569 0.133738130331039 0.134397119283676 0.137080073356628 0.137416839599609
-9999 -9999 -9999 -9999 -9999 -9999 0.0624329559504986 0.0629813969135284 0.0649003013968468 0.0678433552384377 0.0747059211134911 0.0800845250487328 0.0775380730628967 0.0699529200792313 0.072175495326519 0.0857146382331848 0.100359052419662 0.115762509405613 0.115977622568607 0.11032796651125 0.108659863471985 0.107694379985332 0.121648974716663 0.134227618575096 0.132617697119713 0.130775973200798 0.128182649612427 0.126151278614998 0.125100538134575 0.123581483960152 0.121580526232719 0.119577631354332 0.11757355183363 0.116689831018448 0.116179555654526 0.11605829000473 0.115995652973652 0.116608209908009 0.117110408842564 0.116909846663475 0.116895474493504 0.117399431765079 0.120715007185936 0.12837578356266 0.131547555327415
-9999 -9999 -9999 -9999 -9999 -9999 0.062376894056797 0.0624329559504986 0.0635298416018486 0.0657950639724731 0.0678433552384377 0.0761898830533028 0.0820154845714569 0.082852877676487 0.0859005972743034 0.0914986580610275 0.102739974856377 0.11785676330328 0.118733741343021 0.114112213253975 0.11322707682848 0.113001301884651 0.12384195625782 0.133582711219788 0.132138341665268 0.130619511008263 0.128859236836433 0.127435639500618 0.126599609851837 0.124699898064137 0.121705666184425 0.118783682584763 0.115905717015266 0.115022085607052 0.114803217351437 0.114997670054436 0.11524660140276 0.11512865871191 0.114930525422096 0.114221699535847 0.113795429468155 0.114155732095242 0.116026692092419 0.120232276618481 0.122032061219215
-9999 -9999 -9999 -9999 0.0681450664997101 0.0642852038145065 0.0622605867683887 0.0624371357262135 0.0624329559504986 0.0646267309784889 0.0682772099971771 0.0775033310055733 0.0870176702737808 0.0971023067831993 0.101018808782101 0.0978182479739189 0.105084732174873 0.11953940987587 0.121005870401859 0.1174570992589 0.11799506098032 0.11925420165062 0.126114040613174 0.132221534848213 0.131037682294846 0.129929229617119 0.129065275192261 0.128256738185883 0.127544909715652 0.125698208808899 0.122683756053448 0.119338400661945 0.115791462361813 0.114963360130787 0.115041524171829 0.115506373345852 0.116014078259468 0.11505002528429 0.11403951048851 0.112733066082001 0.111808516085148 0.11194708943367 0.112170957028866 0.112526647746563 0.112736456096172
-9999 -9999 -9999 -9999 0.0768779814243317 0.0691564902663231 0.0663098245859146 0.0622605867683887 0.0626178681850433 0.0671650618314743 0.0726250410079956 0.0815787687897682 0.0907840207219124 0.10048696398735 0.106303490698338 0.107635714113712 0.11167199909687 0.117565281689167 0.117869459092617 0.11601547151804 0.117619030177593 0.119832746684551 0.123245768249035 0.126322492957115 0.126377925276756 0.126431196928024 0.126477420330048 0.125926405191422 0.124333165585995 0.122228980064392 0.119599051773548 0.11747607588768 0.115661934018135 0.115055933594704 0.114852637052536 0.114532127976418 0.114188097417355 0.112828135490417 0.111521705985069 0.110556222498417 0.109918937087059 0.110195264220238 0.110637091100216 0.111334696412086 0.111697614192963
-9999 -9999 -9999 -9999 -9999 0.0768779814243317 0.0711775720119476 0.0703590661287308 0.0646025091409683 0.0718099996447563 0.0792278572916985 0.0874509215354919 0.0956735908985138 0.103895507752895 0.110445253551006 0.115065574645996 0.116392701864243 0.115458250045776 0.114907376468182 0.114504612982273 0.116655766963959 0.119257606565952 0.119906567037106 0.120550394058228 0.121507778763771 0.122532941401005 0.123777858912945 0.123781926929951 0.12162060290575 0.119397267699242 0.117110133171082 0.115963868796825 0.115512624382973 0.115080952644348 0.114655807614326 0.113639369606972 0.112537354230881 0.110898800194263 0.109388284385204 0.108693167567253 0.108260065317154 0.108556360006332 0.109050370752811 0.109849944710732 0.110207498073578
-9999 -9999 -9999 -9999 -9999 0.0763418525457382 0.0768779814243317 0.0752126574516296 0.0744784697890282 0.0856918394565582 0.0957181826233864 0.101201131939888 0.105488158762455 0.107408806681633 0.109575606882572 0.112026423215866 0.112929046154022 0.112768456339836 0.112709686160088 0.11269024014473 0.113117650151253 0.113623917102814 0.114502467215061 0.115334898233414 0.115715071558952 0.116879835724831 0.120588526129723 0.122452393174171 0.12109687179327 0.11936092376709 0.117233529686928 0.115986824035645 0.115276612341404 0.114809788763523 0.114424094557762 0.113103941082954 0.111654967069626 0.110252276062965 0.108940295875072 0.10820596665144 0.107612796127796 0.107412599027157 0.10723190009594 0.107081353664398 0.106738656759262
-9999 -9999 0.0752785131335258 0.0753775835037231 0.0754499062895775 0.0758050829172134 0.076342485845089 0.0800198540091515 0.0844396874308586 0.0956285372376442 0.105267070233822 0.108971692621708 0.110860399901867 0.109155930578709 0.108757056295872 0.109864629805088 0.11041272431612 0.110576584935188 0.110742531716824 0.110909275710583 0.110073760151863 0.109061382710934 0.109579935669899 0.110091492533684 0.110265344381332 0.111567601561546 0.116528615355492 0.11953154951334 0.119117483496666 0.118024282157421 0.11623228341341 0.115056373178959 0.114255778491497 0.113710358738899 0.113249987363815 0.111610665917397 0.109814539551735 0.108871974050999 0.107981637120247 0.107423894107342 0.106832556426525 0.106147706508636 0.10534343123436 0.104354590177536 0.103466913104057
-9999.000000000000000 -9999 -9999 -9999 0.0748777687549591 0.0750947296619415 0.0747673511505127 0.0847258195281029 0.0945869162678719 0.0969575121998787 0.0996707603335381 0.103695541620255 0.106540150940418 0.107049517333508 0.108049988746643 0.109617114067078 0.109963335096836 0.1094711124897 0.109278351068497 0.109201222658157 0.108108215034008 0.106835938990116 0.105708129703999 0.104787200689316 0.105563938617706 0.10699912160635 0.110569231212139 0.113138727843761 0.113962069153786 0.113850593566895 0.112777203321457 0.112045742571354 0.111522577702999 0.110803753137589 0.110019706189632 0.108027517795563 0.105883829295635 0.105890683829784 0.105908781290054 0.105998456478119 0.105762183666229 0.104618526995182 0.103302232921124 0.101719118654728 0.100625239312649
-9999 -9999 -9999 -9999 0.0741636827588081 0.0737334936857224 0.0737758949398994 0.0866062641143799 0.0988665819168091 0.0965489447116852 0.0955651476979256 0.0996867492794991 0.10301411151886 0.104769922792912 0.106296136975288 0.107557438313961 0.107499457895756 0.106535471975803 0.106286078691483 0.106312617659569 0.105498842895031 0.104536779224873 0.10268110781908 0.101081311702728 0.101776748895645 0.102807402610779 0.104924939572811 0.106734737753868 0.10800751298666 0.108421675860882 0.10795234143734 0.107634015381336 0.107407674193382 0.106989078223705 0.106506399810314 0.104750268161297 0.102832414209843 0.102899551391602 0.103031478822231 0.103576049208641 0.103722900152206 0.102762624621391 0.101525947451591 0.09986212849617 0.0986848548054695
-9999 -9999 -9999 -9999 0.0736981630325317 0.0736628249287605 0.0736192017793655 0.084931954741478 0.0957643762230873 0.093954399228096 0.0933349579572678 0.0972723737359047 0.100487262010574 0.10227245092392 0.103225350379944 0.103217914700508 0.102501183748245 0.101297356188297 0.101371362805367 0.101938791573048 0.102079480886459 0.102144859731197 0.100716903805733 0.0993863344192505 0.0991397127509117 0.0990896746516228 0.0996770411729813 0.100316688418388 0.101047568023205 0.10141359269619 0.101404190063477 0.101459592580795 0.101554483175278 0.102031983435154 0.102637022733688 0.101857848465443 0.100887216627598 0.099896028637886 0.0991421267390251 0.0998993739485741 0.100464671850204 0.100495658814907 0.100082948803902 0.0989845469594002 0.0978783592581749
-9999 -9999 -9999 -9999 0.0736628249287605 0.0736100152134895 0.0735480189323425 0.0809220299124718 0.0880002379417419 0.0870581865310669 0.0875407978892326 0.0934763923287392 0.0981673151254654 0.100395351648331 0.101020984351635 0.0997977033257484 0.0984431505203247 0.096998430788517 0.0970167443156242 0.097599983215332 0.0981256142258644 0.0986410826444626 0.0977406427264214 0.0968271270394325 0.0960630178451538 0.0953450426459312 0.0947766453027725 0.0945143029093742 0.0947860404849052 0.0951086357235909 0.0954835563898087 0.095681443810463 0.095771498978138 0.0966172218322754 0.0977148413658142 0.0978036373853683 0.097747877240181 0.0969793349504471 0.096415176987648 0.0971525758504868 0.0977767631411552 0.0980857908725739 0.0980333536863327 0.0974223092198372 0.0966397225856781
-9999 -9999 -9999 -9999 0.0736069530248642 0.0735480189323425 0.0742906928062439 0.0751603543758392 0.076739601790905 0.0769356712698936 0.0790736079216003 0.0886441916227341 0.0960025489330292 0.0989835262298584 0.0994664430618286 0.0970669835805893 0.0950902923941612 0.0934039279818535 0.0930822119116783 0.09328743070364 0.093770869076252 0.0943034067749977 0.094005323946476 0.0936197489500046 0.0926565751433372 0.0915802195668221 0.0901368707418442 0.0891736596822739 0.0890483483672142 0.0893310382962227 0.0900335758924484 0.0902005136013031 0.0900411680340767 0.0908592119812965 0.0920030474662781 0.0928780734539032 0.0937129184603691 0.0941277667880058 0.0945600345730782 0.0951032042503357 0.0955166071653366 0.0955687463283539 0.0955288112163544 0.0953465700149536 0.0950769633054733
-9999 -9999 -9999 -9999 0.0735480189323425 0.0704098418354988 0.0688751190900803 0.0675323531031609 0.068821094930172 0.0747487172484398 0.0809533894062042 0.0882184952497482 0.0943632200360298 0.0982910171151161 0.0987545102834702 0.095220722258091 0.0927677899599075 0.0910571217536926 0.0905640423297882 0.0905411317944527 0.0903828963637352 0.0902007892727852 0.0899399146437645 0.0896000489592552 0.0886162593960762 0.0875387638807297 0.0861574187874794 0.0851901844143867 0.0849456191062927 0.0850997045636177 0.0856640115380287 0.0858293920755386 0.0857517570257187 0.0864399522542953 0.0873834192752838 0.0884397178888321 0.0895090252161026 0.0902200192213058 0.0909322649240494 0.091652512550354 0.0922001376748085 0.0922672227025032 0.0923405587673187 0.0924235582351685 0.0924855247139931
-9999 -9999 -9999 -9999 -9999 0.0659819319844246 0.0649255439639091 0.0639326423406601 0.0623349472880363 0.0759627670049667 0.0872676521539688 0.0896813347935677 0.0929490849375725 0.0979067981243134 0.098403699696064 0.0937535241246223 0.0908868685364723 0.089245043694973 0.0886529088020325 0.0884660929441452 0.0874092653393745 0.0861989110708237 0.085733026266098 0.0852321982383728 0.0843042805790901 0.083378754556179 0.0824609696865082 0.0817883536219597 0.0815435945987701 0.0815310627222061 0.0817574858665466 0.0819339156150818 0.0820798873901367 0.0825944542884827 0.0832318738102913 0.0842101722955704 0.0852327272295952 0.0858596116304398 0.0865447968244553 0.0876012519001961 0.0884309634566307 0.0886294916272163 0.0888592898845673 0.0891374200582504 0.0894532203674316
-9999 -9999 -9999 -9999 -9999 0.0645766332745552 0.0641451328992844 0.0633116289973259 0.0644386261701584 0.0812681242823601 0.0946262404322624 0.0946973711252213 0.0959188193082809 0.0994164273142815 0.098670668900013 0.0930287316441536 0.0898487418889999 0.0883594825863838 0.0878529772162437 0.0877259522676468 0.0860759615898132 0.0841572135686874 0.0834860131144524 0.0828289315104485 0.0820618644356728 0.0813218951225281 0.0806698054075241 0.0800049304962158 0.0793177559971809 0.0788054093718529 0.0784729570150375 0.0783712491393089 0.0784101262688637 0.0788914486765862 0.0795202627778053 0.0804769843816757 0.0814760848879814 0.0820658728480339 0.0827091336250305 0.0836929604411125 0.0845204442739487 0.0849127322435379 0.085339829325676 0.0858207195997238 0.0863161832094193
-9999 -9999 -9999 -9999 -9999 0.0643377155065536 0.0646592304110527 0.0651911348104477 0.0683195441961288 0.0874199792742729 0.102200902998447 0.100448571145535 0.0997955799102783 0.101317889988422 0.0990654528141022 0.0924575552344322 0.0889849960803986 0.0876656174659729 0.0872829630970955 0.0872620120644569 0.085082046687603 0.0825210735201836 0.0816444978117943 0.0808321461081505 0.0802476406097412 0.0797001868486404 0.0792728438973427 0.0785563588142395 0.0773352682590485 0.076254166662693 0.0753171145915985 0.0748774483799934 0.0747407898306847 0.0752179324626923 0.075899675488472 0.0768464952707291 0.0778269469738007 0.0783893689513206 0.0789876505732536 0.0798142477869987 0.0805806890130043 0.0811796262860298 0.0818124637007713 0.0824976935982704 0.0831574723124504
-9999 -9999 -9999 -9999 -9999 -9999 0.0642087757587433 0.0654749274253845 0.0670076608657837 0.0867282077670097 0.102503925561905 0.103180505335331 0.103323809802532 0.102411925792694 0.0990390256047249 0.0928264856338501 0.0892613530158997 0.08751430362463 0.0866252854466438 0.0860675796866417 0.0843991413712502 0.0825346931815147 0.0812270864844322 0.0799789428710938 0.0791246891021729 0.0783236548304558 0.0776951760053635 0.0768134668469429 0.0754898488521576 0.0743426308035851 0.0733769163489342 0.0727162212133408 0.0722413286566734 0.0723191872239113 0.0725812911987305 0.0732472091913223 0.0739715471863747 0.0750595107674599 0.0761145427823067 0.0769598782062531 0.0777334645390511 0.0783073306083679 0.0790237709879875 0.0799605548381805 0.0807354152202606
-9999 -9999 -9999 -9999 -9999 -9999 0.0624449886381626 0.0619602650403976 0.0652428790926933 0.0854011923074722 0.102052479982376 0.105280369520187 0.106380112469196 0.103268854320049 0.0989305377006531 0.0931763872504234 0.0895475596189499 0.0873782709240913 0.0859851092100143 0.0848916247487068 0.0836856290698051 0.0824597775936127 0.0807411074638367 0.0790773257613182 0.0779609531164169 0.0769077762961388 0.076059490442276 0.0750215947628021 0.0736528262495995 0.0724880024790764 0.0715330392122269 0.0706803202629089 0.0698898956179619 0.0695667862892151 0.0693994462490082 0.0697595775127411 0.0702004209160805 0.0717275068163872 0.0731713175773621 0.0740848630666733 0.0749135762453079 0.0755061358213425 0.0763192698359489 0.0774732902646065 0.0783493593335152
-9999 -9999 -9999 -9999 -9999 -9999 0.0600823648273945 0.059899777173996 0.0611274056136608 0.0805669352412224 0.0970265045762062 0.102080091834068 0.104568779468536 0.10198225826025 0.0981480479240417 0.0928741842508316 0.0893941596150398 0.0871460512280464 0.0855734348297119 0.0842616632580757 0.0824970379471779 0.0806524977087975 0.078843429684639 0.0771130546927452 0.0760320574045181 0.0749551057815552 0.073891319334507 0.072847880423069 0.0718399584293365 0.0709349513053894 0.0701358467340469 0.0693447962403297 0.0685586556792259 0.068005383014679 0.0675297304987907 0.0674481093883514 0.0674267113208771 0.0682069733738899 0.069074809551239 0.0705003589391708 0.0718633309006691 0.0730521231889725 0.0741599574685097 0.0751426890492439 0.0759954079985619
