Ecospace-environmental-drivers/Outputs/ASCII-for-ecospace/MOM6-ISIMIP3a/phyc-vint/2005-10_phyc-vint_MOM6-ISIMIP3a.asc
NCOLS 131 
NROWS 53 
XLLCORNER -98 
YLLCORNER 23.9265270233154 
CELLSIZE 0.133587792515755 
NODATA_value -9999 
[rows 20 to 39 of 53, columns 0 to 44 of 131]
-9999 -9999 -9999 -9999 -9999 -9999 -9999 -9999 0.0670803561806679 0.0736258924007416 0.0793267786502838 0.0786185711622238 0.0796244367957115 0.080511063337326 0.0819729119539261 0.0840984731912613 0.0955766513943672 0.113477684557438 0.1150221824646 0.110250815749168 0.117833502590656 0.12759630382061 0.128304064273834 0.128246754407883 0.123466089367867 0.119170129299164 0.116445779800415 0.113948188722134 0.111846327781677 0.11407470703125 0.120758824050426 0.123247139155865 0.123179398477077 0.123296007514 0.123474068939686 0.122907035052776 0.122233338654041 0.121046848595142 0.11988265812397 0.118860498070717 0.117907404899597 0.117146596312523 0.117041774094105 0.117950730025768 0.117896176874638
-9999 -9999 -9999 -9999 -9999 -9999 0.061821211129427 0.0623389929533005 0.0642426088452339 0.0670803561806679 0.074470542371273 0.0793267786502838 0.0769044980406761 0.0696891993284225 0.0731650814414024 0.0889769047498703 0.1047153621912 0.120403431355953 0.121382832527161 0.116682671010494 0.115533411502838 0.115010775625706 0.12043322622776 0.125093787908554 0.122320465743542 0.119927026331425 0.118765309453011 0.117278791964054 0.115225464105606 0.113718315958977 0.112773172557354 0.112244099378586 0.111968480050564 0.111966468393803 0.112055659294128 0.111529871821404 0.11091835796833 0.110204286873341 0.109537571668625 0.109172441065311 0.108865849673748 0.108722217381001 0.109730675816536 0.112519644200802 0.11329111456871
-9999 -9999 -9999 -9999 -9999 -9999 0.061790507286787 0.061821211129427 0.0628567785024643 0.0652120932936668 0.0670803561806679 0.077004499733448 0.0846756175160408 0.0878886356949806 0.0925410538911819 0.0988543108105659 0.107229553163052 0.117020860314369 0.11732579767704 0.113967701792717 0.112744107842445 0.111897177994251 0.115383334457874 0.118487812578678 0.117621064186096 0.116745412349701 0.115840896964073 0.11454226821661 0.112555868923664 0.110866270959377 0.109482079744339 0.108778446912766 0.108489416539669 0.108139090240002 0.107768341898918 0.107349574565887 0.106922455132008 0.106256656348705 0.105659350752831 0.105498261749744 0.105365350842476 0.105310872197151 0.105814144015312 0.107179395854473 0.10756242275238
-9999 -9999 -9999 -9999 0.0651456564664841 0.0629485324025154 0.0616584792733192 0.0618918351829052 0.061821211129427 0.0638923421502113 0.0680544599890709 0.0802200064063072 0.0930126309394836 0.107046060264111 0.112619541585445 0.108431570231915 0.108972415328026 0.112760759890079 0.112413458526134 0.110469229519367 0.109876230359077 0.109521687030792 0.110659830272198 0.111804232001305 0.112728483974934 0.113251589238644 0.112474009394646 0.111285008490086 0.109378039836884 0.107788920402527 0.106526859104633 0.105878069996834 0.105602875351906 0.104949489235878 0.10417003929615 0.103851474821568 0.103593766689301 0.102940745651722 0.102376066148281 0.102374002337456 0.102369196712971 0.102356731891632 0.102260135114193 0.102033503353596 0.101971574127674
-9999 -9999 -9999 -9999 0.0700574964284897 0.0659181326627731 0.0642385929822922 0.0616584792733192 0.0621958151459694 0.0690345913171768 0.0767030790448189 0.0875473096966743 0.0973701402544975 0.105171918869019 0.1085140183568 0.106710337102413 0.10639650374651 0.107105813920498 0.10661169141531 0.105652891099453 0.106332913041115 0.107302136719227 0.107741139829159 0.10822307318449 0.10915943980217 0.109605632722378 0.108462437987328 0.107136584818363 0.105491980910301 0.104161687195301 0.103154823184013 0.102737344801426 0.102678902447224 0.102760635316372 0.102889083325863 0.102474831044674 0.101984150707722 0.101296536624432 0.10070077329874 0.100689962506294 0.100661404430866 0.100583426654339 0.100379034876823 0.0999792888760567 0.100081637501717
-9999 -9999 -9999 -9999 -9999 0.0700574964284897 0.0677179545164108 0.0668186992406845 0.0645602941513062 0.0757981166243553 0.0864692106842995 0.0949711203575134 0.101328603923321 0.103442877531052 0.104597076773643 0.104643508791924 0.10367539525032 0.102010548114777 0.10142494738102 0.10125607997179 0.102848224341869 0.104751132428646 0.104723781347275 0.104753822088242 0.105614304542542 0.105960384011269 0.10463859140873 0.10332952439785 0.10204266756773 0.101039975881577 0.100329697132111 0.100080415606499 0.100111976265907 0.100679181516171 0.101424932479858 0.100940629839897 0.100286215543747 0.0996155738830566 0.0990420132875443 0.0990866646170616 0.0991043448448181 0.0990469381213188 0.0988153666257858 0.0983146280050278 0.0985522046685219
-9999 -9999 -9999 -9999 -9999 0.0699102506041527 0.0700574964284897 0.0723371282219887 0.0756498202681541 0.089670442044735 0.101135358214378 0.102818094193935 0.103537313640118 0.102350011467934 0.101507022976875 0.101061321794987 0.100317649543285 0.0993693321943283 0.0989348515868187 0.0986987799406052 0.0996206253767014 0.100746802985668 0.101273767650127 0.101775273680687 0.102173954248428 0.102318286895752 0.101637877523899 0.101019240915775 0.100508384406567 0.100134842097759 0.0999025851488113 0.0995448157191277 0.0991105884313583 0.0990686640143394 0.0991575121879578 0.098715640604496 0.0982010513544083 0.097773477435112 0.0974557250738144 0.09783735871315 0.0982081666588783 0.0985488370060921 0.0986435115337372 0.0983580350875854 0.0986034795641899
-9999 -9999 0.070601262152195 0.0702851265668869 0.0696652829647064 0.0697628259658813 0.0699104219675064 0.0779638811945915 0.086815282702446 0.100144803524017 0.110087886452675 0.1070691421628 0.104023478925228 0.100924544036388 0.0986889600753784 0.0974495559930801 0.0965688079595566 0.0959343612194061 0.0955194309353828 0.0951892733573914 0.095663495361805 0.0962796658277512 0.0972943305969238 0.0982404500246048 0.0985426232218742 0.0987514182925224 0.098657451570034 0.0986569449305534 0.0988195464015007 0.0989517718553543 0.0990527272224426 0.0986003652215004 0.0978109240531921 0.097311794757843 0.0969094261527061 0.0965307056903839 0.0961565971374512 0.0959686562418938 0.0958829969167709 0.0964487567543983 0.0970427691936493 0.0977154225111008 0.0981132835149765 0.0980864837765694 0.0983543619513512
-9999.000000000000000 -9999 -9999 -9999 0.0714272782206535 0.0695677325129509 0.0694778189063072 0.0838269889354706 0.0981464385986328 0.103205293416977 0.106574147939682 0.103474415838718 0.100751295685768 0.0987733900547028 0.0964643582701683 0.0937732458114624 0.0919666588306427 0.0907675102353096 0.0900850743055344 0.0896021649241447 0.090114638209343 0.0908027663826942 0.0921597853302956 0.0934919118881226 0.0944945737719536 0.0953487083315849 0.0957212671637535 0.0961811691522598 0.0967934876680374 0.0971622914075851 0.0972805097699165 0.096763864159584 0.0958604589104652 0.0952355787158012 0.0947035327553749 0.0944331660866737 0.0942009538412094 0.094245158135891 0.0943398624658585 0.0947562456130981 0.09528998285532 0.0961504057049751 0.0968011245131493 0.0971277505159378 0.0974498391151428
-9999 -9999 -9999 -9999 0.0743212476372719 0.0749512687325478 0.0728551745414734 0.0898387655615807 0.106390722095966 0.106104500591755 0.105124905705452 0.101491376757622 0.0984736680984497 0.0966744720935822 0.0941377654671669 0.090750090777874 0.0882373079657555 0.0863253623247147 0.0853230580687523 0.0846720039844513 0.0853254050016403 0.0862090066075325 0.0877923741936684 0.0893678665161133 0.0907500609755516 0.0919809862971306 0.0927214547991753 0.0934420526027679 0.0941279903054237 0.094518356025219 0.0946045890450478 0.0942002981901169 0.093497171998024 0.0929903164505959 0.0925488770008087 0.0924366563558578 0.0923715159296989 0.0925262570381165 0.0926944985985756 0.0929487124085426 0.0933592841029167 0.0942051112651825 0.0949889197945595 0.0956768915057182 0.0961658135056496
-9999 -9999 -9999 -9999 0.0766980051994324 0.0784447342157364 0.0806015506386757 0.0960375592112541 0.110751457512379 0.108800798654556 0.106272973120213 0.101535990834236 0.0974472612142563 0.0946412608027458 0.0916828736662865 0.0885486528277397 0.0856060162186623 0.0827949494123459 0.081406906247139 0.0805683434009552 0.0814918577671051 0.082726314663887 0.0843900740146637 0.0860294625163078 0.0873874127864838 0.0886572822928429 0.0896415784955025 0.0903716310858727 0.0906580090522766 0.0907994508743286 0.0907917469739914 0.0907220169901848 0.0906145051121712 0.0905323699116707 0.0904586911201477 0.0905672609806061 0.0907008573412895 0.0908131450414658 0.0909205079078674 0.0909964814782143 0.0912047699093819 0.0917813777923584 0.0925476178526878 0.0936069041490555 0.0944043323397636
-9999 -9999 -9999 -9999 0.0784447342157364 0.081055574119091 0.0841204300522804 0.0979808866977692 0.111187905073166 0.108177058398724 0.104955144226551 0.100925333797932 0.0970839783549309 0.0936155319213867 0.0901412218809128 0.0866601541638374 0.0832508057355881 0.0798907056450844 0.0783309042453766 0.0774662718176842 0.0785698071122169 0.0800206586718559 0.0816463604569435 0.083218164741993 0.0843089371919632 0.0853101685643196 0.0860210582613945 0.0864782333374023 0.086492657661438 0.0864958614110947 0.0864875167608261 0.086607426404953 0.0868054628372192 0.0870508030056953 0.0873119086027145 0.0877012759447098 0.0881073474884033 0.0883714333176613 0.0886064097285271 0.088656060397625 0.0888068899512291 0.0892393961548805 0.0899665430188179 0.0911490395665169 0.0921121537685394
-9999 -9999 -9999 -9999 0.0812069103121758 0.0841204300522804 0.0938070267438889 0.0967325568199158 0.108681097626686 0.105063252151012 0.101787865161896 0.0998232290148735 0.0972180515527725 0.0933454185724258 0.0892845094203949 0.0850063636898994 0.0811026617884636 0.0774560943245888 0.075885035097599 0.075115405023098 0.0763313993811607 0.0778977945446968 0.0793965831398964 0.0808021873235703 0.0814435929059982 0.0819454938173294 0.0819950550794601 0.0819676071405411 0.0818057656288147 0.0817537531256676 0.0818147510290146 0.0820155888795853 0.0823016092181206 0.08280149102211 0.0833726674318314 0.0840878486633301 0.0848216935992241 0.0853832587599754 0.0858872383832932 0.0860244929790497 0.0862264931201935 0.0866087302565575 0.0872806534171104 0.0884002670645714 0.0894219353795052
-9999 -9999 -9999 -9999 0.0841204300522804 0.0902670919895172 0.0940533354878426 0.0963942483067513 0.0982393398880959 0.10030309855938 0.10149209946394 0.0993328467011452 0.0966715440154076 0.0930168032646179 0.0888234451413155 0.0840086191892624 0.079637698829174 0.07557163387537 0.0740172937512398 0.0734328255057335 0.0745808184146881 0.0760345384478569 0.0770673081278801 0.0779986009001732 0.0781611278653145 0.0782184600830078 0.0779347494244576 0.0776556730270386 0.0773846730589867 0.0772763043642044 0.0773352831602097 0.077584020793438 0.0779483616352081 0.0786142125725746 0.0793805718421936 0.0801475942134857 0.0809145420789719 0.081657811999321 0.0823571905493736 0.0827770829200745 0.0832254514098167 0.0837531015276909 0.0844746008515358 0.0854956656694412 0.0865278020501137
-9999 -9999 -9999 -9999 -9999 0.0891728103160858 0.0890875682234764 0.0890332087874413 0.0843968316912651 0.0948373600840569 0.102426998317242 0.099104642868042 0.0958333536982536 0.0926631093025208 0.0885319486260414 0.0832920372486115 0.0784655436873436 0.0739229544997215 0.0723973363637924 0.0720366686582565 0.0730393156409264 0.0742825418710709 0.0747039541602135 0.0750288963317871 0.0746998861432076 0.0743361338973045 0.0738597437739372 0.0734288841485977 0.073077492415905 0.0729122832417488 0.0729386582970619 0.0732211396098137 0.0736596509814262 0.0744535177946091 0.0753658339381218 0.0760672837495804 0.0767410397529602 0.077616386115551 0.0784796252846718 0.0792657285928726 0.0800441280007362 0.0808010697364807 0.0816170498728752 0.0825242772698402 0.0835462808609009
-9999 -9999 -9999 -9999 -9999 0.0853221789002419 0.0843775346875191 0.0818352475762367 0.082697905600071 0.0942444950342178 0.102690078318119 0.0992663726210594 0.0958995148539543 0.0926451236009598 0.0885087847709656 0.0833548083901405 0.0782053098082542 0.0730588883161545 0.0710594952106476 0.0702752768993378 0.0708457082509995 0.0716551914811134 0.0717038288712502 0.0716919675469398 0.0713147297501564 0.0709487125277519 0.0706190913915634 0.0703322440385818 0.0701200366020203 0.0700626820325851 0.0701646655797958 0.0704220905900002 0.0707742124795914 0.0714545249938965 0.0722442343831062 0.0728629380464554 0.0734600424766541 0.0743404626846313 0.0752378404140472 0.0762431621551514 0.0772167295217514 0.0781019255518913 0.0789963752031326 0.0799051523208618 0.0808615833520889
-9999 -9999 -9999 -9999 -9999 0.0832974687218666 0.0825014412403107 0.0822641402482986 0.083511509001255 0.0946598276495934 0.10281416028738 0.0995087847113609 0.0961527824401855 0.0926966071128845 0.088541142642498 0.0835788249969482 0.0781337544322014 0.0723571628332138 0.0697800293564796 0.068438321352005 0.0685171782970428 0.0688467174768448 0.0685719549655914 0.0682790577411652 0.067945308983326 0.0676636844873428 0.0675510689616203 0.0674694254994392 0.0674418434500694 0.0675264224410057 0.0677263960242271 0.0679465904831886 0.0681791082024574 0.0686958953738213 0.0693074390292168 0.0698398351669312 0.0703637003898621 0.0712229236960411 0.072127602994442 0.0733217224478722 0.0744625627994537 0.0754550993442535 0.0764247179031372 0.0773589164018631 0.0782383009791374
-9999 -9999 -9999 -9999 -9999 -9999 0.0830134227871895 0.0834049358963966 0.0842265412211418 0.0945792347192764 0.102260954678059 0.0997193232178688 0.0969419851899147 0.0936982408165932 0.0898952931165695 0.0854471251368523 0.0796991959214211 0.0730586722493172 0.0695013329386711 0.0671345219016075 0.0667861923575401 0.0667940676212311 0.0665828511118889 0.0663749277591705 0.0662344396114349 0.0661162436008453 0.0660703480243683 0.066015362739563 0.0659445077180862 0.0658846572041512 0.0658361241221428 0.0658021494746208 0.0657770410180092 0.0660603418946266 0.0664464384317398 0.0669697746634483 0.0675147473812103 0.0684315636754036 0.0693772807717323 0.0705070197582245 0.0715935751795769 0.0725599005818367 0.0735374614596367 0.0745323896408081 0.0755256786942482
-9999 -9999 -9999 -9999 -9999 -9999 0.0831307396292686 0.0833711996674538 0.0847440287470818 0.0942929536104202 0.101516641676426 0.0998403057456017 0.0977227315306664 0.0947320759296417 0.0913099944591522 0.0873901098966599 0.0814320966601372 0.0740744099020958 0.069531686604023 0.0660759285092354 0.0652581006288528 0.0649057850241661 0.0647501647472382 0.0646204203367233 0.0646704733371735 0.0647102519869804 0.0647167190909386 0.064675509929657 0.0645511075854301 0.0643463358283043 0.0640588700771332 0.0637762770056725 0.0634966641664505 0.063544474542141 0.0637014284729958 0.064198262989521 0.0647449865937233 0.0656966120004654 0.066663071513176 0.0677240192890167 0.0687580928206444 0.0697173625230789 0.0707172155380249 0.0717797875404358 0.0728829503059387
-9999 -9999 -9999 -9999 -9999 -9999 0.0822303146123886 0.0826160758733749 0.0832014307379723 0.0920495316386223 0.0990573242306709 0.0990212336182594 0.0981573760509491 0.0956556126475334 0.0927392095327377 0.0893443822860718 0.084169365465641 0.0777717977762222 0.0723807364702225 0.0673783123493195 0.0656088516116142 0.0644099116325378 0.0640401840209961 0.0637412890791893 0.0638813450932503 0.0639830827713013 0.0639605447649956 0.0638811141252518 0.0637024119496346 0.0634842291474342 0.0632254183292389 0.0628571584820747 0.0624222196638584 0.0622465834021568 0.0621573813259602 0.0624048598110676 0.0627018064260483 0.0634074956178665 0.0641620829701424 0.0652280896902084 0.0663348883390427 0.0675552040338516 0.0687625110149384 0.0699497163295746 0.0710284411907196
