Ecospace-environmental-drivers/Outputs/ASCII-for-ecospace/MOM6-ISIMIP3a/phyc-vint/2006-12_phyc-vint_MOM6-ISIMIP3a.asc
NCOLS 131 
NROWS 53 
XLLCORNER -98 
YLLCORNER 23.9265270233154 
CELLSIZE 0.133587792515755 
NODATA_value -9999 
[rows 0 to 19 of 53, columns 45 to 89 of 131]
-9999 -9999 -9999 -9999 -9999 -9999 -9999 -9999 -9999 -9999 -9999 -9999 -9999 -9999 -9999 -9999 -9999 -9999 -9999 -9999 -9999 -9999 -9999 -9999 -9999 -9999 -9999 -9999 -9999 -9999 -9999 -9999 -9999 -9999 -9999 -9999 -9999 -9999 -9999 -9999 -9999 -9999 -9999 -9999 -9999
-9999 -9999 -9999 -9999 -9999 -9999 -9999 -9999 -9999 -9999 -9999 -9999 -9999 -9999 -9999 -9999 -9999 -9999 -9999 -9999 -9999 -9999 -9999 -9999 -9999 -9999 -9999 -9999 -9999 -9999 -9999 -9999 -9999 -9999 -9999 -9999 -9999 -9999 -9999 -9999 -9999 -9999 -9999 -9999 -9999
-9999 -9999 -9999 -9999 -9999 -9999 -9999 -9999 -9999 -9999 -9999 -9999 -9999 -9999 -9999 -9999 -9999 -9999 -9999 -9999 -9999 -9999 -9999 -9999 -9999 -9999 -9999 -9999 -9999 0.0962472707033157 0.0923194512724876 -9999 -9999 -9999 -9999 -9999 -9999 -9999 -9999 -9999 -9999 -9999 -9999 -9999 -9999
-9999 -9999 -9999 -9999 -9999 -9999 -9999 -9999 -9999 -9999 -9999 -9999 -9999 -9999 -9999 -9999 -9999 -9999 -9999 -9999 -9999 -9999 -9999 -9999 -9999 -9999 -9999 -9999 -9999 0.0967569351196289 0.0931950137019157 -9999 -9999 -9999 -9999 -9999 -9999 -9999 -9999 -9999 -9999 -9999 -9999 -9999 -9999
-9999 -9999 -9999 -9999 -9999 -9999 -9999 -9999 -9999 -9999 -9999 -9999 -9999 -9999 -9999 -9999 -9999 -9999 -9999 -9999 0.120487406849861 0.119673520326614 0.119022406637669 0.115224316716194 0.111891694366932 0.106209076941013 0.102324187755585 0.100198864936829 0.0987216532230377 0.0974490717053413 0.0941000953316689 0.0880358815193176 -9999 -9999 0.0587811209261417 0.0510938242077827 0.0509037114679813 0.0573440045118332 0.0717303156852722 0.0864908769726753 0.097173660993576 0.0978494808077812 0.0862608402967453 0.0682592466473579 -9999
-9999 -9999 -9999 -9999 -9999 -9999 -9999 -9999 -9999 -9999 -9999 -9999 -9999 -9999 -9999 -9999 0.12565079331398 -9999 0.125506699085236 0.125379383563995 0.122806861996651 0.120487406849861 0.119510740041733 0.119022406637669 0.11142622679472 0.105226442217827 0.101974561810493 0.0997715517878532 0.0988504886627197 0.0975429117679596 0.0959538072347641 0.0888035669922829 0.0793502703309059 0.0684958547353745 0.0573660135269165 0.0504814982414246 0.0454339608550072 0.0567956790328026 0.0698023736476898 0.0885929018259048 0.101077355444431 0.101850733160973 0.0906203463673592 0.0663114413619041 0.0478459447622299
-9999 -9999 -9999 -9999 -9999 -9999 -9999 -9999 -9999 -9999 -9999 -9999 0.128253355622292 0.128281503915787 0.128293335437775 0.128303721547127 0.126961141824722 0.125653296709061 0.125648304820061 0.125492423772812 0.125379383563995 0.122553788125515 0.120487406849861 0.119022406637669 0.11142622679472 0.105226442217827 0.101974561810493 0.0997715517878532 0.0988504886627197 0.0975429117679596 0.0959538072347641 0.0888035669922829 0.0793502703309059 0.0684958547353745 0.0573660135269165 0.0504814982414246 0.0454339608550072 0.0567956790328026 0.0698023736476898 0.0885929018259048 0.101077355444431 0.101850733160973 0.0906203463673592 0.0663114413619041 0.0478459447622299
-9999 -9999 -9999 -9999 -9999 -9999 -9999 -9999 -9999 -9999 -9999 -9999 0.128102421760559 0.128253355622292 0.128309667110443 -9999 0.128284528851509 0.12690258026123 0.125658273696899 0.125648304820061 0.125449597835541 0.125379383563995 0.121794581413269 0.116655811667442 0.10501354932785 0.0980368331074715 0.100909441709518 0.101906798779964 0.100612230598927 0.0989301353693008 0.0969657897949219 0.0908890813589096 0.0831093117594719 0.0820401087403297 0.0822900384664536 0.0764453336596489 0.0716191306710243 0.0789472311735153 0.0879873111844063 0.10304681956768 0.112625546753407 0.112025864422321 0.10280154645443 0.0841803997755051 0.0708198845386505
0.125179529190063 -9999 -9999 -9999 -9999 -9999 -9999 -9999 -9999 -9999 -9999 -9999 -9999 -9999 -9999 -9999 0.128331631422043 0.128155991435051 0.126718729734421 0.125668257474899 0.125648304820061 0.125321090221405 0.120794162154198 0.114044450223446 0.0979921594262123 0.0901342183351517 0.0995751991868019 0.104116156697273 0.102668270468712 0.100690536201 0.0983268693089485 0.0934264585375786 0.0874754935503006 0.0966820046305656 0.108868107199669 0.104345083236694 0.0999717339873314 0.10310535132885 0.107945904135704 0.118788085877895 0.12515215575695 0.123199850320816 0.116229020059109 0.103790327906609 0.0958920419216156
0.124004289507866 0.122881770133972 0.122574403882027 -9999 -9999 -9999 -9999 -9999 -9999 -9999 -9999 -9999 0.120714299380779 0.127947717905045 -9999 -9999 -9999 0.128262966871262 0.127726420760155 0.126287743449211 0.125688210129738 0.125339612364769 0.119859628379345 0.11205181479454 0.0945017784833908 0.0851521044969559 0.0931140407919884 0.100777260959148 0.108075395226479 0.109899155795574 0.107735462486744 0.103449150919914 0.0982837826013565 0.0974718555808067 0.0975157096982002 0.0999700874090195 0.10308638215065 0.111796751618385 0.119505248963833 0.123691074550152 0.127314433455467 0.129893198609352 0.126009300351143 0.11508409678936 0.105506658554077
0.123496502637863 0.122819289565086 0.122329525649548 0.122293375432491 -9999 -9999 -9999 -9999 -9999 -9999 -9999 -9999 0.117045998573303 0.120672583580017 0.127947717905045 -9999 -9999 0.128703787922859 0.127831742167473 0.126643732190132 0.125626713037491 0.124232202768326 0.117172501981258 0.10800501704216 0.0900162383913994 0.0804926082491875 0.088839590549469 0.0997003242373466 0.113633394241333 0.11837612092495 0.116424739360809 0.112706422805786 0.108256354928017 0.099118746817112 0.0890596881508827 0.0976449698209763 0.107162207365036 0.1190385222435 0.128042817115784 0.126948907971382 0.128698408603668 0.135728418827057 0.134705111384392 0.124907456338406 0.113698422908783
0.123350039124489 0.122819289565086 0.122329525649548 0.122221082448959 0.120818883180618 0.119721010327339 -9999 -9999 -9999 -9999 -9999 -9999 -9999 0.116986289620399 0.12089566886425 0.127947717905045 0.128253355622292 0.128703787922859 0.127831742167473 0.126643732190132 0.122212216258049 0.117085590958595 0.105084806680679 0.092940054833889 0.0801928043365479 0.0775635614991188 0.0962942391633987 0.110756121575832 0.120000660419464 0.122928626835346 0.121255703270435 0.117858111858368 0.113746292889118 0.1053626537323 0.0961392894387245 0.106315024197102 0.116393581032753 0.118504762649536 0.120372161269188 0.121382422745228 0.125907689332962 0.136960715055466 0.137584045529366 0.126843854784966 0.114258244633675
0.122393399477005 0.12210925668478 0.121702410280704 0.121037125587463 0.120298333466053 0.119719006121159 -9999 -9999 -9999 -9999 0.117381043732166 0.117434553802013 0.117057621479034 0.116089761257172 0.117811478674412 0.121733717620373 0.122465692460537 0.12168650329113 0.122430264949799 0.123537912964821 0.118346676230431 0.112039394676685 0.0957865789532661 0.0822475627064705 0.080066055059433 0.0858447700738907 0.108428135514259 0.122833408415318 0.127243369817734 0.128214597702026 0.126681104302406 0.123429045081139 0.119465261697769 0.112061262130737 0.103980995714664 0.113020926713943 0.121361114084721 0.116672188043594 0.11362049728632 0.116325415670872 0.122710518538952 0.135930106043816 0.138045623898506 0.128062844276428 0.116925142705441
0.119411252439022 0.119624100625515 0.11950746178627 0.119792871177197 0.120192617177963 0.119719006121159 0.119145691394806 0.118294060230255 0.117563299834728 0.11744736135006 0.117381043732166 0.117434553802013 0.117057621479034 0.116089761257172 0.112716294825077 0.107374623417854 0.10220855474472 0.0971256643533707 0.103524811565876 0.1126674041152 0.113353490829468 0.112244375050068 0.0934621840715408 0.0824864506721497 0.10418152064085 0.122152209281921 0.132260411977768 0.137464493513107 0.136674717068672 0.135334253311157 0.133592665195465 0.130048096179962 0.125756844878197 0.11989664286375 0.113728031516075 0.114816330373287 0.115668825805187 0.111592508852482 0.109166339039803 0.112542159855366 0.11849719285965 0.129242092370987 0.132463648915291 0.127488255500793 0.124859854578972
0.119153946638107 0.120907701551914 0.122643150389194 0.120730817317963 0.117781065404415 0.1174670830369 0.11739219725132 0.116488225758076 0.115707598626614 0.115554369986057 0.115070551633835 0.113788515329361 0.112531431019306 0.111308589577675 0.106694504618645 0.0993057787418365 0.0940716490149498 0.0898581072688103 0.0971879661083221 0.107275925576687 0.110487408936024 0.112310819327831 0.100806921720505 0.0967128500342369 0.12362963706255 0.142004922032356 0.142348363995552 0.140942126512527 0.137397408485413 0.134873539209366 0.133093237876892 0.129549086093903 0.125274479389191 0.120631217956543 0.11591549217701 0.112498201429844 0.109155386686325 0.106070332229137 0.104538671672344 0.108468823134899 0.114486403763294 0.124380551278591 0.128189623355865 0.125368803739548 0.125797033309937
0.122749045491219 0.127519637346268 0.133315369486809 0.124754004180431 0.112109482288361 0.112031355500221 0.113159574568272 0.112129271030426 0.111228279769421 0.110985025763512 0.10949344933033 0.104987651109695 0.101606018841267 0.0997677147388458 0.0993626415729523 0.100130185484886 0.10307053476572 0.107040084898472 0.108620829880238 0.109630808234215 0.110628679394722 0.112181402742863 0.121822044253349 0.130715027451515 0.136478990316391 0.138593658804893 0.13300433754921 0.128650814294815 0.125807672739029 0.123695597052574 0.122116036713123 0.118986465036869 0.115214981138706 0.111326538026333 0.107415102422237 0.104364305734634 0.10148099809885 0.0999225378036499 0.0996656939387321 0.103985376656055 0.11076196283102 0.122101284563541 0.125764772295952 0.121065191924572 0.116840995848179
0.125593990087509 0.130196705460548 0.136041387915611 0.12529668211937 0.109833963215351 0.10597475618124 0.103364422917366 0.10240475833416 0.102388516068459 0.107171311974525 0.10882630944252 0.102928906679153 0.098567932844162 0.0963162556290627 0.0995350107550621 0.10722953081131 0.114848062396049 0.122430592775345 0.121832385659218 0.119279518723488 0.121835105121136 0.125334948301315 0.137470409274101 0.145957455039024 0.139175519347191 0.132091820240021 0.124371089041233 0.11903690546751 0.116619579493999 0.11465834826231 0.113029330968857 0.110026404261589 0.106454499065876 0.102635852992535 0.0987687036395073 0.0963479280471802 0.0941622629761696 0.093750074505806 0.0945780873298645 0.0997667238116264 0.106907859444618 0.117675006389618 0.120572254061699 0.114894963800907 0.109057709574699
0.127807185053825 0.12956015765667 0.132075726985931 0.122908346354961 0.11041834205389 0.0993953123688698 0.0888849571347237 0.0881618112325668 0.0898767486214638 0.10399391502142 0.112293936312199 0.106547839939594 0.102171912789345 0.0996770337224007 0.106026835739613 0.119613111019135 0.128965526819229 0.13631246984005 0.136541798710823 0.135070502758026 0.142359703779221 0.149674341082573 0.148599326610565 0.145401939749718 0.133322149515152 0.122987352311611 0.11633638292551 0.111677691340446 0.109453976154327 0.107423819601536 0.105534642934799 0.102415896952152 0.0987879484891891 0.0944622233510017 0.0899993404746056 0.0884305238723755 0.0871430411934853 0.0875568389892578 0.0893097519874573 0.0957710593938828 0.102944567799568 0.111440688371658 0.113049007952213 0.107152834534645 0.102262027561665
0.130452990531921 0.130159974098206 0.130368247628212 0.125000223517418 0.118046320974827 0.10532508045435 0.0925129652023315 0.0931853428483009 0.095522940158844 0.106331259012222 0.112735144793987 0.108504071831703 0.106764376163483 0.10844499617815 0.115260750055313 0.126277923583984 0.133455455303192 0.138814210891724 0.140906855463982 0.142219126224518 0.148162856698036 0.153458788990974 0.144695281982422 0.135263293981552 0.123033709824085 0.112929306924343 0.107311353087425 0.103591084480286 0.102190189063549 0.100344367325306 0.098174475133419 0.0956958532333374 0.093089371919632 0.0895882695913315 0.0859112963080406 0.0850713923573494 0.0844523757696152 0.0849648341536522 0.0866534560918808 0.0924775078892708 0.0985176414251328 0.104959063231945 0.105720847845078 0.100294470787048 0.0961322113871574
0.133310526609421 0.131364852190018 0.129765853285789 0.129284605383873 0.129121229052544 0.117376498878002 0.105002239346504 0.107637330889702 0.110055096447468 0.111367352306843 0.111695319414139 0.109646625816822 0.111840568482876 0.119859077036381 0.125836566090584 0.130144149065018 0.133233919739723 0.135746836662292 0.140209689736366 0.145138427615166 0.146761745214462 0.147184267640114 0.133434519171715 0.120434939861298 0.11057486385107 0.102404609322548 0.097801685333252 0.0951485186815262 0.0948783457279205 0.0933408066630363 0.0908801257610321 0.0894115641713142 0.0883538722991943 0.0863290652632713 0.0841141492128372 0.0839429348707199 0.0838799700140953 0.0841351747512817 0.0852754265069962 0.0895275473594666 0.0938638299703598 0.0983564108610153 0.0984881445765495 0.0938685908913612 0.0903282538056374
