Ecospace-environmental-drivers/Outputs/ASCII-for-ecospace/MOM6-ISIMIP3a/phyc-vint/2006-10_phyc-vint_MOM6-ISIMIP3a.asc
NCOLS 131 
NROWS 53 
XLLCORNER -98 
YLLCORNER 23.9265270233154 
CELLSIZE 0.133587792515755 
NODATA_value -9999 
[rows 20 to 39 of 53, columns 45 to 89 of 131]
0.11273842304945 0.113423898816109 0.114304818212986 0.115293525159359 0.116312883794308 0.113666951656342 0.110747374594212 0.110568858683109 0.110361695289612 0.110008805990219 0.109273932874203 0.107616737484932 0.107042692601681 0.107955679297447 0.108775265514851 0.109518446028233 0.108687527477741 0.107110999524593 0.104615263640881 0.101899892091751 0.0980223417282104 0.0941069424152374 0.0908026471734047 0.0877133458852768 0.085523821413517 0.0833608061075211 0.0812537744641304 0.078975535929203 0.0764880403876305 0.0735485330224037 0.0702797770500183 0.0676167905330658 0.0652046799659729 0.0643729418516159 0.0638518705964088 0.0645687431097031 0.0653478801250458 0.0662874132394791 0.0672929733991623 0.0685306787490845 0.0698075816035271 0.0711572766304016 0.0725191459059715 0.0738942846655846 0.0751856341958046
0.10560204833746 0.106116898357868 0.106899827718735 0.107437372207642 0.107905127108097 0.107880339026451 0.107809901237488 0.10786809027195 0.107943244278431 0.108104713261127 0.108047462999821 0.107462093234062 0.106996893882751 0.106696657836437 0.106706105172634 0.106968924403191 0.106129691004753 0.104768440127373 0.102320127189159 0.0996120795607567 0.0957067757844925 0.0917956680059433 0.0889970511198044 0.0864045023918152 0.0846743360161781 0.0828647762537003 0.0808876007795334 0.0787108466029167 0.0762901604175568 0.0732924044132233 0.0698743164539337 0.0672018006443977 0.0648380592465401 0.0642540529370308 0.0640199035406113 0.0652780905365944 0.0665848776698112 0.0678265318274498 0.0690529048442841 0.0702255666255951 0.0712763071060181 0.0721006318926811 0.0729071199893951 0.0736941918730736 0.0747545585036278
0.100972406566143 0.101065769791603 0.101320140063763 0.10146602243185 0.101581066846848 0.101568140089512 0.101548410952091 0.101698756217957 0.101906210184097 0.102404147386551 0.102715007960796 0.102574162185192 0.102541044354439 0.102655820548534 0.102824456989765 0.103037156164646 0.102219238877296 0.100913129746914 0.0988942384719849 0.0967050269246101 0.0933238044381142 0.0899148434400558 0.0872941091656685 0.0848341807723045 0.0830472186207771 0.0811837166547775 0.079158641397953 0.0769137293100357 0.0744001269340515 0.0715735629200935 0.0685190558433533 0.0663165673613548 0.0644669234752655 0.0642716065049171 0.0644014775753021 0.0659887939691544 0.0675863474607468 0.0687565952539444 0.0697369948029518 0.070049874484539 0.0702925249934196 0.0704047381877899 0.0706508606672287 0.071042887866497 0.0717505812644958
0.0964997261762619 0.0961849242448807 0.0959219709038734 0.0957092121243477 0.095510721206665 0.0953205600380898 0.0951453372836113 0.0953504219651222 0.0956471487879753 0.0964100584387779 0.0970130041241646 0.0972296819090843 0.0976095050573349 0.0982132852077484 0.0985831469297409 0.098761610686779 0.0979637131094933 0.0967033356428146 0.0951243937015533 0.0934693440794945 0.0906781032681465 0.0878368243575096 0.0854032784700394 0.0830799117684364 0.0812176913022995 0.0792905241250992 0.0772262290120125 0.0749329626560211 0.0723598524928093 0.0697571411728859 0.067132867872715 0.0654371157288551 0.0641259029507637 0.0643301233649254 0.0648322403430939 0.0667131245136261 0.0685625150799751 0.0696054324507713 0.0702882707118988 0.0697050616145134 0.0691319778561592 0.0685776919126511 0.068300686776638 0.0683257877826691 0.0686731860041618
0.0914349630475044 0.0912502855062485 0.0912021696567535 0.0910998210310936 0.0909820422530174 0.0908065065741539 0.0906253233551979 0.090451180934906 0.0903178006410599 0.0903918221592903 0.090425118803978 0.0903601050376892 0.0904265642166138 0.0906735211610794 0.0907078012824059 0.0905680581927299 0.0897312760353088 0.088564321398735 0.0871143415570259 0.0855967402458191 0.0837827399373055 0.0819585025310516 0.0802817493677139 0.0786223262548447 0.0770353972911835 0.0754010155797005 0.0736664459109306 0.0718671008944511 0.0699885860085487 0.0681872144341469 0.0664420202374458 0.0652501434087753 0.0642874166369438 0.064891517162323 0.0658036097884178 0.0676605328917503 0.0694200992584229 0.0698869153857231 0.0700135380029678 0.0689440742135048 0.068168006837368 0.0679367929697037 0.0677574351429939 0.0676345899701118 0.067650318145752
0.0858159884810448 0.0857163071632385 0.0858102813363075 0.0857836976647377 0.0857228338718414 0.0855525806546211 0.0853611156344414 0.0848993808031082 0.0844405516982079 0.0839964896440506 0.0836055725812912 0.0833429992198944 0.083181343972683 0.0831582471728325 0.0829790607094765 0.0826721638441086 0.0819260627031326 0.0809719190001488 0.079745352268219 0.0784536972641945 0.0774801224470139 0.0765231102705002 0.0754891708493233 0.074406586587429 0.0731204450130463 0.071809284389019 0.0704453065991402 0.069141149520874 0.0679100826382637 0.0668145269155502 0.0658176839351654 0.0651048049330711 0.0645095184445381 0.0654712170362473 0.0667389705777168 0.0685563609004021 0.0702162608504295 0.0701387599110603 0.0697707533836365 0.0683813244104385 0.0674910768866539 0.0675278753042221 0.0674247890710831 0.0671693086624146 0.0669006630778313
0.0777669176459312 0.0775544121861458 0.077471449971199 0.0773687809705734 0.0772604942321777 0.077054500579834 0.0768338069319725 0.0764863342046738 0.0761609151959419 0.0759477168321609 0.0757702440023422 0.0756790414452553 0.0756630524992943 0.075750321149826 0.0758931562304497 0.0760814547538757 0.0759941264986992 0.0757762342691422 0.0751872286200523 0.0745095461606979 0.0737765580415726 0.0730298534035683 0.0721389055252075 0.0712513029575348 0.0703777074813843 0.0695232227444649 0.0687090754508972 0.0679056197404861 0.0671152174472809 0.0663066953420639 0.0654849857091904 0.065141998231411 0.0649972707033157 0.0661311820149422 0.0675164312124252 0.0692260712385178 0.070743054151535 0.0702606663107872 0.0696680322289467 0.0686877816915512 0.0680727958679199 0.068136140704155 0.0680155754089355 0.0676946416497231 0.06734898686409
0.0710608661174774 0.0708201676607132 0.0706523060798645 0.0705067440867424 0.0703675299882889 0.0701464414596558 0.0699171051383018 0.0696912109851837 0.0695024356245995 0.0695024430751801 0.0695275142788887 0.069613128900528 0.0697300806641579 0.0698900669813156 0.0701690465211868 0.070545382797718 0.0708916336297989 0.0712236315011978 0.071200005710125 0.0710914134979248 0.0705664083361626 0.0700039640069008 0.0693130493164062 0.0686614513397217 0.068174421787262 0.0677179098129272 0.0673258304595947 0.0668967291712761 0.0664223730564117 0.0658662766218185 0.0652506276965141 0.0652765557169914 0.0655681863427162 0.0667888820171356 0.0681922137737274 0.0697735249996185 0.0711438208818436 0.0703883618116379 0.0696652233600616 0.0690557584166527 0.0686724334955215 0.0687090754508972 0.0685062408447266 0.068042479455471 0.0675864145159721
0.0672850757837296 0.0672008320689201 0.0671488791704178 0.0670328959822655 0.0668987184762955 0.0667075887322426 0.0665145143866539 0.0664261877536774 0.0663810670375824 0.0665557533502579 0.0667596086859703 0.0670338869094849 0.0672560334205627 0.0674066096544266 0.067416176199913 0.0673103779554367 0.0675988718867302 0.0680741369724274 0.0684584230184555 0.0688209682703018 0.0684328153729439 0.0679977983236313 0.067631371319294 0.0673053041100502 0.0671481490135193 0.0669615417718887 0.0667127445340157 0.0663823187351227 0.0659521222114563 0.0655729174613953 0.0652308538556099 0.065623551607132 0.0663205459713936 0.0674416571855545 0.0686461478471756 0.0700542330741882 0.0712696015834808 0.0705286860466003 0.0698804259300232 0.0695579573512077 0.0693111717700958 0.0692049339413643 0.0687784478068352 0.0680030286312103 0.0673636794090271
0.064959354698658 0.064969576895237 0.0649662539362907 0.0648408234119415 0.0646806657314301 0.0645332857966423 0.0643991902470589 0.0645883455872536 0.0648000538349152 0.06512650847435 0.0654312670230865 0.0656836479902267 0.065854974091053 0.0659150332212448 0.0657886862754822 0.0655098184943199 0.0657770410180092 0.0663029402494431 0.0668229088187218 0.0673414543271065 0.067043125629425 0.0667017847299576 0.0665511786937714 0.0664342641830444 0.0664583295583725 0.0664260759949684 0.0662749111652374 0.0660397410392761 0.065701887011528 0.0655170083045959 0.0654435530304909 0.0660231038928032 0.0668730884790421 0.0679001212120056 0.068961963057518 0.070219025015831 0.0712950751185417 0.0705322399735451 0.0699381828308105 0.0699375346302986 0.0698551088571548 0.0696208029985428 0.0690335482358932 0.0680617392063141 0.0672904998064041
0.064457930624485 0.0644846335053444 0.0644453167915344 0.0642613172531128 0.0640361756086349 0.063949890434742 0.063903346657753 0.0645460188388824 0.0651569366455078 0.0656063333153725 0.0659140348434448 0.0658795908093452 0.0658038333058357 0.0656713321805 0.0655770003795624 0.0655139088630676 0.0658057630062103 0.0662657544016838 0.0665789097547531 0.0668569728732109 0.066589318215847 0.0662991926074028 0.0662276893854141 0.0661735087633133 0.0661917924880981 0.0661685317754745 0.066057562828064 0.0659133344888687 0.065728448331356 0.0657598227262497 0.0659487098455429 0.0664887651801109 0.0671742558479309 0.0681141391396523 0.0691040232777596 0.0702379941940308 0.0711943656206131 0.070363737642765 0.0697978585958481 0.0701628401875496 0.0702797695994377 0.0699360370635986 0.0692671313881874 0.0682439357042313 0.0674054622650146
0.0641327574849129 0.0641214475035667 0.0640349090099335 0.0638369843363762 0.0636073797941208 0.0635318607091904 0.0634974390268326 0.0641469955444336 0.0647838264703751 0.0653559044003487 0.0657476782798767 0.0657040998339653 0.0656205490231514 0.06548210978508 0.065524660050869 0.0657152757048607 0.0660029873251915 0.0663366839289665 0.0664702281355858 0.0665559470653534 0.0663160756230354 0.0660702362656593 0.0660630539059639 0.0660675391554832 0.0661208629608154 0.0661484971642494 0.0661218911409378 0.0660892054438591 0.0660490915179253 0.0662207007408142 0.0665465220808983 0.0670690461993217 0.067673034965992 0.0685718879103661 0.0695287138223648 0.0702817365527153 0.0708877220749855 0.0701310709118843 0.0697019994258881 0.0704247131943703 0.0707778632640839 0.0704446882009506 0.0698252394795418 0.0688938945531845 0.0680755376815796
0.0639397725462914 0.0638495907187462 0.0637074038386345 0.0635290294885635 0.0633403658866882 0.0632378533482552 0.0631589964032173 0.0634804517030716 0.0638632029294968 0.0645577758550644 0.0650944858789444 0.0652500241994858 0.0653381645679474 0.0653337612748146 0.0655918195843697 0.0660646110773087 0.0663265883922577 0.0664886981248856 0.0664630383253098 0.0663925036787987 0.0661782622337341 0.0659715086221695 0.0660175457596779 0.0660776495933533 0.0661966577172279 0.0663066133856773 0.0663974732160568 0.0664917752146721 0.0665902942419052 0.0668451339006424 0.0672138407826424 0.0677352994680405 0.0683200284838676 0.0692124515771866 0.0701653659343719 0.0703440606594086 0.0704266279935837 0.0698502734303474 0.0696394816040993 0.0707140117883682 0.0713310390710831 0.0710984021425247 0.0706267431378365 0.0698946714401245 0.0691619366407394
0.0635329782962799 0.0633610486984253 0.0631653815507889 0.06299988925457 0.0628429725766182 0.0626960024237633 0.0625574961304665 0.0626197978854179 0.0627601221203804 0.0632973909378052 0.0637658536434174 0.0640681982040405 0.0643191039562225 0.0644994005560875 0.0649153962731361 0.065524235367775 0.0659440904855728 0.0662744268774986 0.0663703829050064 0.0664103403687477 0.066260501742363 0.0661101266741753 0.0661417320370674 0.0661982670426369 0.0663591399788857 0.066526286303997 0.0667066499590874 0.0669000521302223 0.0671093761920929 0.0674371644854546 0.0678512528538704 0.0684112384915352 0.0690316408872604 0.0697427168488503 0.0704716145992279 0.0703431516885757 0.0701832473278046 0.070026308298111 0.0701579824090004 0.0713044404983521 0.0720033198595047 0.0718710198998451 0.0715027824044228 0.0708774775266647 0.0702411383390427
0.0630345568060875 0.0627796351909637 0.0625314265489578 0.0623759478330612 0.0622468367218971 0.0620479322969913 0.0618432648479939 0.061675950884819 0.0615788474678993 0.0618388913571835 0.0621477477252483 0.0625744685530663 0.062984324991703 0.0633710324764252 0.0639202892780304 0.0646025389432907 0.0652589723467827 0.0659031793475151 0.0662411078810692 0.0665058568120003 0.0664370507001877 0.0663504600524902 0.0663386359810829 0.0663662329316139 0.0665587857365608 0.0667723417282104 0.0670302286744118 0.0673107653856277 0.0676189735531807 0.0680153146386147 0.0684758424758911 0.0690913125872612 0.0697709545493126 0.0702257081866264 0.0706362575292587 0.0703151524066925 0.0700331777334213 0.0703981295228004 0.0709254965186119 0.0720239132642746 0.072726659476757 0.0726946070790291 0.0724107623100281 0.0718525797128677 0.0713172480463982
0.0626173913478851 0.0623565129935741 0.0621267668902874 0.0619651339948177 0.0618228726089001 0.0616196282207966 0.0614089369773865 0.061165813356638 0.0609750226140022 0.061050433665514 0.061205118894577 0.0615512318909168 0.0619259141385555 0.062339823693037 0.0628728196024895 0.0635032430291176 0.064207561314106 0.0649468824267387 0.065533421933651 0.0660834535956383 0.0662716254591942 0.0664229243993759 0.066399484872818 0.0664225518703461 0.066640242934227 0.0669120922684669 0.0672982782125473 0.067733570933342 0.0682289004325867 0.0687636360526085 0.0693270787596703 0.0699958056211472 0.0707081332802773 0.0711069107055664 0.0714440494775772 0.0713068544864655 0.0712102055549622 0.0716812089085579 0.0722231417894363 0.0730144530534744 0.0734878331422806 0.0733707919716835 0.0730205550789833 0.0724162459373474 0.0719453245401382
0.0622170455753803 0.0619661435484886 0.0617695488035679 0.0615984164178371 0.0614345297217369 0.0612367913126945 0.0610325187444687 0.0607454068958759 0.0604906715452671 0.0604006014764309 0.0604022480547428 0.0606253445148468 0.0609246902167797 0.0613287165760994 0.0618145056068897 0.0623671971261501 0.0630803629755974 0.0638695508241653 0.064706064760685 0.0655538886785507 0.0660354420542717 0.0664606615900993 0.0664321854710579 0.0664557665586472 0.0666972473263741 0.0670298486948013 0.0675548315048218 0.0681588873267174 0.0688595771789551 0.0695471614599228 0.0702252015471458 0.0709467232227325 0.0716862455010414 0.0720705017447472 0.0723849162459373 0.0725095421075821 0.072661817073822 0.0731528326869011 0.0736304670572281 0.0740610733628273 0.0742568448185921 0.0740164816379547 0.073568657040596 0.0728947818279266 0.072480708360672
0.0615869611501694 0.0613008476793766 0.0610455833375454 0.0607616938650608 0.0604696646332741 0.0602561868727207 0.0600533485412598 0.0599206611514091 0.0598140023648739 0.0598397143185139 0.0599184669554234 0.060125295072794 0.060379758477211 0.0606996193528175 0.0611243844032288 0.0616349726915359 0.0622922256588936 0.0630189552903175 0.0638818591833115 0.0647773072123528 0.0654804483056068 0.0661484003067017 0.0664963126182556 0.0669008940458298 0.067542627453804 0.0682071149349213 0.0689196288585663 0.0695846825838089 0.0701917186379433 0.0707970857620239 0.0714012384414673 0.0722469612956047 0.0731927156448364 0.0737022459506989 0.0741260275244713 0.0741660296916962 0.0742038786411285 0.0743596106767654 0.0744469463825226 0.0742938071489334 0.0740215331315994 0.0735280215740204 0.0729041919112206 0.0721383914351463 0.0717080384492874
0.0609557405114174 0.0606367997825146 0.0603227876126766 0.0599365942180157 0.0595298707485199 0.0593093149363995 0.0591157525777817 0.0591364018619061 0.0591773949563503 0.0593218505382538 0.0594813078641891 0.0596769824624062 0.059892114251852 0.0601339638233185 0.0604949370026588 0.0609533786773682 0.0615487955510616 0.0622090920805931 0.0630882158875465 0.0640196204185486 0.0649466216564178 0.0658622309565544 0.066616378724575 0.0674222409725189 0.0684445425868034 0.0694172829389572 0.0702853873372078 0.0709964632987976 0.0715156272053719 0.072048507630825 0.0725913718342781 0.073534794151783 0.0746441036462784 0.0752791836857796 0.0758210420608521 0.0757430717349052 0.0756331384181976 0.0754351988434792 0.0751201286911964 0.0743932574987411 0.0736562758684158 0.0729005262255669 0.0720939561724663 0.07123202085495 0.070782758295536
0.060422133654356 0.0601174086332321 0.059787604957819 0.059459961950779 0.0591329336166382 0.0590078458189964 0.0589095763862133 0.0589771531522274 0.059059988707304 0.0592204593122005 0.0593890249729156 0.0595771484076977 0.0597976222634315 0.0600625090301037 0.0603368692100048 0.0606189779937267 0.0611202716827393 0.0617253929376602 0.0626189783215523 0.0635814815759659 0.0647908449172974 0.0660216808319092 0.0673181265592575 0.0685599073767662 0.069572925567627 0.0704723373055458 0.0711319297552109 0.0717808082699776 0.0724166035652161 0.0730930417776108 0.0737990811467171 0.074523501098156 0.0752555355429649 0.0759522989392281 0.0766421258449554 0.0762559697031975 0.0758158415555954 0.0752377733588219 0.0745469853281975 0.0734598562121391 0.0723846927285194 0.0713317543268204 0.0703079104423523 0.0693157538771629 0.0688543990254402
