Ecospace-environmental-drivers/Outputs/ASCII-for-ecospace/MOM6-ISIMIP3a/phyc-vint/2006-08_phyc-vint_MOM6-ISIMIP3a.asc
NCOLS 131 
NROWS 53 
XLLCORNER -98 
YLLCORNER 23.9265270233154 
CELLSIZE 0.133587792515755 
NODATA_value -9999 
[rows 0 to 19 of 53, columns 45 to 89 of 131]
-9999 -9999 -9999 -9999 -9999 -9999 -9999 -9999 -9999 -9999 -9999 -9999 -9999 -9999 -9999 -9999 -9999 -9999 -9999 -9999 -9999 -9999 -9999 -9999 -9999 -9999 -9999 -9999 -9999 -9999 -9999 -9999 -9999 -9999 -9999 -9999 -9999 -9999 -9999 -9999 -9999 -9999 -9999 -9999 -9999
-9999 -9999 -9999 -9999 -9999 -9999 -9999 -9999 -9999 -9999 -9999 -9999 -9999 -9999 -9999 -9999 -9999 -9999 -9999 -9999 -9999 -9999 -9999 -9999 -9999 -9999 -9999 -9999 -9999 -9999 -9999 -9999 -9999 -9999 -9999 -9999 -9999 -9999 -9999 -9999 -9999 -9999 -9999 -9999 -9999
-9999 -9999 -9999 -9999 -9999 -9999 -9999 -9999 -9999 -9999 -9999 -9999 -9999 -9999 -9999 -9999 -9999 -9999 -9999 -9999 -9999 -9999 -9999 -9999 -9999 -9999 -9999 -9999 -9999 0.120473347604275 0.120253801345825 -9999 -9999 -9999 -9999 -9999 -9999 -9999 -9999 -9999 -9999 -9999 -9999 -9999 -9999
-9999 -9999 -9999 -9999 -9999 -9999 -9999 -9999 -9999 -9999 -9999 -9999 -9999 -9999 -9999 -9999 -9999 -9999 -9999 -9999 -9999 -9999 -9999 -9999 -9999 -9999 -9999 -9999 -9999 0.120548270642757 0.120675608515739 -9999 -9999 -9999 -9999 -9999 -9999 -9999 -9999 -9999 -9999 -9999 -9999 -9999 -9999
-9999 -9999 -9999 -9999 -9999 -9999 -9999 -9999 -9999 -9999 -9999 -9999 -9999 -9999 -9999 -9999 -9999 -9999 -9999 -9999 0.132064402103424 0.131652444601059 0.131322890520096 0.129400506615639 0.127549692988396 0.123999133706093 0.121245883405209 0.11992072314024 0.119929350912571 0.120738446712494 0.120977006852627 0.120311364531517 -9999 -9999 0.101935297250748 0.0877477377653122 0.0762549564242363 0.0718354359269142 0.0756137520074844 0.0794944986701012 0.0793770998716354 0.071910485625267 0.0571566037833691 0.0411946661770344 -9999
-9999 -9999 -9999 -9999 -9999 -9999 -9999 -9999 -9999 -9999 -9999 -9999 -9999 -9999 -9999 -9999 0.136615544557571 -9999 0.136864140629768 0.137063682079315 0.134408041834831 0.132064402103424 0.131570056080818 0.131322890520096 0.127478122711182 0.123848050832748 0.120671220123768 0.119218371808529 0.119872577488422 0.120697095990181 0.121645659208298 0.120588272809982 0.118700161576271 0.112684138119221 0.105856664478779 0.0872650891542435 0.0701214522123337 0.0713783279061317 0.0740065276622772 0.0814564079046249 0.0830205678939819 0.0736543163657188 0.05905656889081 0.0387589298188686 0.0257684998214245
-9999 -9999 -9999 -9999 -9999 -9999 -9999 -9999 -9999 -9999 -9999 -9999 0.132691770792007 0.132898300886154 0.13298062980175 0.133033722639084 0.134683638811111 0.136572986841202 0.136658102273941 0.13687065243721 0.137063682079315 0.134096056222916 0.132064402103424 0.131322890520096 0.127478122711182 0.123848050832748 0.120671220123768 0.119218371808529 0.119872577488422 0.120697095990181 0.121645659208298 0.120588272809982 0.118700161576271 0.112684138119221 0.105856664478779 0.0872650891542435 0.0701214522123337 0.0713783279061317 0.0740065276622772 0.0814564079046249 0.0830205678939819 0.0736543163657188 0.05905656889081 0.0387589298188686 0.0257684998214245
-9999 -9999 -9999 -9999 -9999 -9999 -9999 -9999 -9999 -9999 -9999 -9999 0.131584480404854 0.132691770792007 0.13310481607914 -9999 0.13285106420517 0.13419072329998 0.136487886309624 0.136658102273941 0.136890187859535 0.137063682079315 0.133160084486008 0.128670364618301 0.121727757155895 0.11836589127779 0.122563250362873 0.124835066497326 0.12475349009037 0.124971754848957 0.125408425927162 0.123760007321835 0.121248096227646 0.118568025529385 0.115854896605015 0.10003524273634 0.0852241888642311 0.085007444024086 0.0854666009545326 0.0883022993803024 0.0869967266917229 0.0780003592371941 0.0644753202795982 0.0460161492228508 0.0397156700491905
0.119692668318748 -9999 -9999 -9999 -9999 -9999 -9999 -9999 -9999 -9999 -9999 -9999 -9999 -9999 -9999 -9999 0.133226275444031 0.131809070706367 0.132772296667099 0.136317670345306 0.136658102273941 0.136948779225349 0.131862744688988 0.125764906406403 0.11543246358633 0.11230706423521 0.124396316707134 0.130708739161491 0.129960715770721 0.129573509097099 0.129449114203453 0.127156361937523 0.123965620994568 0.124734453856945 0.126281648874283 0.113671250641346 0.101590551435947 0.0998061969876289 0.0979365855455399 0.0957672223448753 0.0913688689470291 0.0828310400247574 0.07054353505373 0.0541706122457981 0.0549309737980366
0.120789974927902 0.123325437307358 0.124676495790482 -9999 -9999 -9999 -9999 -9999 -9999 -9999 -9999 -9999 0.126044183969498 0.130449503660202 -9999 -9999 -9999 0.132643088698387 0.12844018638134 0.129802450537682 0.135977238416672 0.135593548417091 0.130608558654785 0.124280989170074 0.112334534525871 0.10735310614109 0.1170754134655 0.124098218977451 0.127821683883667 0.129146128892899 0.128723159432411 0.126206368207932 0.122822463512421 0.118276134133339 0.11350130289793 0.108498051762581 0.103860728442669 0.102880671620369 0.101446360349655 0.0984148979187012 0.0941826403141022 0.0877203866839409 0.0782215446233749 0.0654142200946808 0.0605692341923714
0.12062332034111 0.123038753867149 0.126314237713814 0.126555994153023 -9999 -9999 -9999 -9999 -9999 -9999 -9999 -9999 0.12329276651144 0.124874904751778 0.130449503660202 -9999 -9999 0.135996133089066 0.129241347312927 0.120083071291447 0.127052500844002 0.134242027997971 0.128508761525154 0.121377259492874 0.108394041657448 0.102241158485413 0.110507652163506 0.118306994438171 0.125535398721695 0.12826107442379 0.127707034349442 0.125104308128357 0.121653161942959 0.11310163885355 0.103547513484955 0.104804530739784 0.10626906901598 0.105849787592888 0.104719564318657 0.101089656352997 0.0971085354685783 0.0924751535058022 0.0854737013578415 0.0758921429514885 0.0655611157417297
0.120249457657337 0.123038753867149 0.126314237713814 0.127039521932602 0.129701167345047 0.131931960582733 -9999 -9999 -9999 -9999 -9999 -9999 -9999 0.121646709740162 0.124705970287323 0.130449503660202 0.132691770792007 0.135996133089066 0.129241347312927 0.120083071291447 0.126557171344757 0.132910385727882 0.121873214840889 0.110857933759689 0.0999342277646065 0.0962817966938019 0.107979610562325 0.116910375654697 0.122459247708321 0.124921157956123 0.125134572386742 0.123186632990837 0.120343595743179 0.114813350141048 0.108754858374596 0.109047703444958 0.10941856354475 0.108253791928291 0.106723800301552 0.103909686207771 0.100635796785355 0.0965080484747887 0.0904416665434837 0.0822630673646927 0.067085936665535
0.117959894239902 0.121445849537849 0.125175669789314 0.128358229994774 0.131385132670403 0.132021769881248 -9999 -9999 -9999 -9999 0.129219442605972 0.125176563858986 0.122206494212151 0.120709210634232 0.122024431824684 0.125640749931335 0.129825457930565 0.134279400110245 0.128423362970352 0.120103940367699 0.125293880701065 0.130056768655777 0.115096062421799 0.101966463029385 0.0965001583099365 0.09637351334095 0.107519336044788 0.115043394267559 0.118140928447247 0.119844235479832 0.120532013475895 0.119401171803474 0.117517173290253 0.114660009741783 0.111611545085907 0.111187748610973 0.110748320817947 0.109206631779671 0.107577197253704 0.105639271438122 0.103265814483166 0.100083515048027 0.0951628759503365 0.0883482545614243 0.0716526508331299
0.110880993306637 0.115870617330074 0.121190600097179 0.126236692070961 0.131204873323441 0.132021769881248 0.13238899409771 0.132088348269463 0.131711229681969 0.130945146083832 0.129219442605972 0.125176563858986 0.122206494212151 0.120709210634232 0.118273608386517 0.115070283412933 0.119793266057968 0.128270760178566 0.125560432672501 0.120176956057549 0.122110620141029 0.123398140072823 0.107964888215065 0.0971447080373764 0.105630710721016 0.111593261361122 0.112228579819202 0.112000480294228 0.110717095434666 0.110424682497978 0.110854089260101 0.110946163535118 0.110898531973362 0.109843976795673 0.108591482043266 0.108069866895676 0.107528649270535 0.106531493365765 0.105553463101387 0.104642696678638 0.103652648627758 0.102515369653702 0.0992671847343445 0.093719094991684 0.0838242545723915
0.105292350053787 0.111684910953045 0.118606984615326 0.123050853610039 0.126789927482605 0.128553867340088 0.130043610930443 0.129588931798935 0.129013746976852 0.127825528383255 0.125390738248825 0.119946017861366 0.115485444664955 0.112375997006893 0.108479969203472 0.10394037514925 0.109215825796127 0.119140446186066 0.119133681058884 0.116753980517387 0.115876950323582 0.114487305283546 0.104134187102318 0.0982071086764336 0.110803484916687 0.117696978151798 0.112551234662533 0.107973396778107 0.10408965498209 0.102340877056122 0.102147169411182 0.102721348404884 0.103613540530205 0.103872872889042 0.104007802903652 0.103665553033352 0.103282116353512 0.102668941020966 0.102161459624767 0.102025628089905 0.102067828178406 0.102440662682056 0.100848451256752 0.0971152409911156 0.0918009579181671
0.101810671389103 0.109463751316071 0.118004761636257 0.118360288441181 0.116387873888016 0.12018296122551 0.124382257461548 0.123555824160576 0.122502543032169 0.120295323431492 0.116148978471756 0.107320420444012 0.099262073636055 0.0922611504793167 0.0901428982615471 0.0920195132493973 0.0978675112128258 0.105596654117107 0.107668355107307 0.108388304710388 0.105330556631088 0.102392256259918 0.104969762265682 0.107588641345501 0.110380671918392 0.110912300646305 0.106672063469887 0.102554902434349 0.0985881760716438 0.0961455628275871 0.0948130711913109 0.094821996986866 0.0953864529728889 0.0962687209248543 0.0972134619951248 0.0974424630403519 0.0975838005542755 0.0971276089549065 0.0968349948525429 0.0971174761652946 0.0976954400539398 0.0988221392035484 0.0988625884056091 0.0977195203304291 0.0938468277454376
0.0999378338456154 0.106877595186234 0.114806957542896 0.110909998416901 0.103649638593197 0.104189373552799 0.105444595217705 0.104461036622524 0.104097984731197 0.106891319155693 0.106141336262226 0.096835620701313 0.0869216769933701 0.076172724366188 0.0762516036629677 0.085189513862133 0.0921071395277977 0.0980677902698517 0.100391611456871 0.101846463978291 0.0990655273199081 0.0965674892067909 0.1024224832654 0.106789067387581 0.104926526546478 0.102495163679123 0.0988629683852196 0.095282681286335 0.091765820980072 0.0894668772816658 0.0880550444126129 0.0879820957779884 0.0884636268019676 0.0897371098399162 0.091166265308857 0.0919349044561386 0.0925841778516769 0.0923063084483147 0.0921678692102432 0.0925197154283524 0.0933111682534218 0.0949190482497215 0.0960918664932251 0.0967906638979912 0.0944682955741882
0.0994198322296143 0.103984080255032 0.109423361718655 0.101135686039925 0.0889440625905991 0.0817765742540359 0.0753266960382462 0.0743667781352997 0.0756778120994568 0.0885408818721771 0.0954887196421623 0.0881536230444908 0.0778511986136436 0.0634750351309776 0.0661041811108589 0.0826466232538223 0.0910524800419807 0.0956042185425758 0.0966421514749527 0.0968405306339264 0.0964059084653854 0.0960230529308319 0.0970264300704002 0.0974157899618149 0.0952354073524475 0.0927032977342606 0.0894286632537842 0.0864493995904922 0.0838311314582825 0.0823811516165733 0.0817821323871613 0.0820343717932701 0.0826391503214836 0.0841087102890015 0.0857482627034187 0.0870299115777016 0.0881729423999786 0.0880913436412811 0.0880560055375099 0.0881833210587502 0.0889168828725815 0.0907763093709946 0.0926601886749268 0.0945707112550735 0.0938902497291565
0.0992912724614143 0.1015315502882 0.10441467911005 0.0989482328295708 0.0911071598529816 0.0795331820845604 0.068012036383152 0.068233422935009 0.0699556469917297 0.0793124139308929 0.0840901285409927 0.0778112187981606 0.0715122520923615 0.0651857480406761 0.0697411894798279 0.0831999331712723 0.0894091054797173 0.0921843200922012 0.0922607779502869 0.0916924253106117 0.0918718427419662 0.0920479819178581 0.0914286896586418 0.0905115082859993 0.0883476510643959 0.0859859883785248 0.0832067355513573 0.0807635113596916 0.0787309631705284 0.0777009651064873 0.0774012133479118 0.0777526199817657 0.0783737078309059 0.0798075348138809 0.0814011245965958 0.083063006401062 0.0845733284950256 0.0845784991979599 0.0845638737082481 0.0844796821475029 0.0850382223725319 0.0867903903126717 0.0891536623239517 0.0921827554702759 0.0927568525075912
0.0993532836437225 0.0992948263883591 0.099589467048645 0.100473560392857 0.101525291800499 0.0871600955724716 0.0718566104769707 0.07382582873106 0.075341209769249 0.0745479837059975 0.0723264738917351 0.0666562616825104 0.0665100365877151 0.0739475265145302 0.0801238864660263 0.0852684378623962 0.0874776318669319 0.0882964208722115 0.0875701606273651 0.086474746465683 0.086420476436615 0.0863940715789795 0.0857322514057159 0.0848154947161674 0.0828317850828171 0.0807732716202736 0.0785568580031395 0.0766178593039513 0.0750179290771484 0.0741979852318764 0.0739461705088615 0.0742861479520798 0.0748712047934532 0.0761558637022972 0.0775780454277992 0.0795551687479019 0.0813709050416946 0.0814092457294464 0.0813750252127647 0.0810856893658638 0.0814118906855583 0.0828812047839165 0.0856105014681816 0.0897125825285912 0.091351680457592
