Ecospace-environmental-drivers/Outputs/ASCII-for-ecospace/MOM6-ISIMIP3a/phyc-vint/2007-08_phyc-vint_MOM6-ISIMIP3a.asc
NCOLS 131 
NROWS 53 
XLLCORNER -98 
YLLCORNER 23.9265270233154 
CELLSIZE 0.133587792515755 
NODATA_value -9999 
[rows 20 to 39 of 53, columns 45 to 89 of 131]
0.097789540886879 0.099088728427887 0.100530296564102 0.102036319673061 0.10356067866087 0.0989137068390846 0.0938360542058945 0.0941855758428574 0.0941585600376129 0.0922161713242531 0.0895730257034302 0.0852378010749817 0.0841720998287201 0.0875950157642365 0.089250773191452 0.0894606858491898 0.0884608402848244 0.0868879556655884 0.0855782702565193 0.0843314751982689 0.084441103041172 0.0846979469060898 0.0857411846518517 0.0871277451515198 0.0899511948227882 0.0924830287694931 0.0943992584943771 0.0949735715985298 0.0939077883958817 0.0915654003620148 0.08829315751791 0.0856086611747742 0.0831675752997398 0.083018571138382 0.0833201333880424 0.0858550071716309 0.0882952511310577 0.0890030860900879 0.0893732085824013 0.0885559320449829 0.0877145305275917 0.0868283584713936 0.0857682451605797 0.0845186039805412 0.0837241485714912
0.0925893783569336 0.0928464755415916 0.09339739382267 0.0935789346694946 0.0936554148793221 0.0939160883426666 0.0941778048872948 0.0939585939049721 0.0936753898859024 0.0930666476488113 0.0921161323785782 0.0903403460979462 0.0889381468296051 0.0880488380789757 0.0878368094563484 0.0881789103150368 0.0872997418045998 0.0858420878648758 0.0846060886979103 0.0834230557084084 0.0832066684961319 0.0831846296787262 0.085024856030941 0.0870529934763908 0.0898675620555878 0.0920234620571136 0.0927888825535774 0.0923063308000565 0.0902985036373138 0.0874961763620377 0.0841151401400566 0.0818305611610413 0.0800000503659248 0.0799131914973259 0.080169104039669 0.0827415511012077 0.0852405801415443 0.0861842632293701 0.0867837443947792 0.0861729979515076 0.085578590631485 0.0850145146250725 0.0843883603811264 0.0836945846676826 0.0833480730652809
0.0923326089978218 0.0922482460737228 0.0923244431614876 0.0923288464546204 0.092312827706337 0.092657245695591 0.0930295065045357 0.0931576415896416 0.0932185053825378 0.0929372310638428 0.0923795402050018 0.091154433786869 0.0900370702147484 0.0890676230192184 0.0885171592235565 0.0883094891905785 0.0872786268591881 0.0858578458428383 0.0846564471721649 0.0835074707865715 0.0830625668168068 0.0828589126467705 0.0854624733328819 0.0879906713962555 0.0902034267783165 0.0916526839137077 0.0914901196956635 0.0904572233557701 0.0883605927228928 0.085795097053051 0.0828880816698074 0.0806794017553329 0.0787599161267281 0.0782586336135864 0.0780361369252205 0.0800014361739159 0.0819747969508171 0.0832355171442032 0.084176704287529 0.0839944183826447 0.0837502181529999 0.083391048014164 0.0831546634435654 0.0830520614981651 0.083236426115036
0.0924176499247551 0.0920917615294456 0.0917808040976524 0.0917081981897354 0.0917033702135086 0.0917652547359467 0.0918492004275322 0.0923443958163261 0.0927494987845421 0.092696338891983 0.0924158841371536 0.091586597263813 0.0907993540167809 0.0900698155164719 0.0893133357167244 0.0885348170995712 0.08733831346035 0.0859438106417656 0.0847583413124084 0.0836228057742119 0.0829701349139214 0.0826025009155273 0.0859005600214005 0.0888717919588089 0.0904752090573311 0.0912420675158501 0.090242862701416 0.0887552425265312 0.0866706818342209 0.0844022408127785 0.0819998756051064 0.0798468291759491 0.077797032892704 0.076843187212944 0.0761047899723053 0.0773894786834717 0.0787639319896698 0.0802834033966064 0.0815163627266884 0.081741951406002 0.0818303376436234 0.0816639289259911 0.0818097591400146 0.0822957754135132 0.0830175429582596
0.0918679907917976 0.0920599326491356 0.0922790244221687 0.0923251435160637 0.0923220664262772 0.0921809151768684 0.0920320674777031 0.0920569151639938 0.0920469388365746 0.0918598547577858 0.0915990620851517 0.09116031229496 0.0906617417931557 0.0900810658931732 0.0893624126911163 0.0885308608412743 0.0872841477394104 0.0858407914638519 0.0844126865267754 0.0829882249236107 0.0823462381958961 0.0819822177290916 0.0848815515637398 0.0875346139073372 0.0891570076346397 0.090061366558075 0.0894498825073242 0.0884425565600395 0.0869514271616936 0.0850893780589104 0.0829571560025215 0.0809366852045059 0.078962504863739 0.0775317847728729 0.0762078985571861 0.0764185041189194 0.0767273530364037 0.0774407163262367 0.0779987946152687 0.0780108869075775 0.0780099555850029 0.0779848173260689 0.0784443765878677 0.079432025551796 0.0806933268904686
0.0912765711545944 0.0918418318033218 0.0924406573176384 0.0925623252987862 0.0925482958555222 0.0922256484627724 0.0918681770563126 0.091423436999321 0.0909859240055084 0.0905852094292641 0.090241827070713 0.0900368839502335 0.0897322669625282 0.0892908200621605 0.088637575507164 0.0878110378980637 0.0866131335496902 0.0852393209934235 0.0837402790784836 0.0822113156318665 0.0816418007016182 0.0813263133168221 0.0837488919496536 0.0860042348504066 0.0875596553087234 0.088517814874649 0.0882150828838348 0.0876223668456078 0.086675226688385 0.0852510258555412 0.0834793224930763 0.0816947445273399 0.0799048319458961 0.0782070234417915 0.0765273123979568 0.0758594796061516 0.0752843394875526 0.0752486363053322 0.0751741304993629 0.0749631971120834 0.0748541876673698 0.0749344527721405 0.0756247788667679 0.076979786157608 0.0785944610834122
0.0905020013451576 0.0908069834113121 0.09112648665905 0.0911343768239021 0.0910536497831345 0.0906439647078514 0.090183898806572 0.0892728492617607 0.0883531421422958 0.087389349937439 0.0865150317549706 0.0858567208051682 0.0853306800127029 0.0849862396717072 0.0845193788409233 0.0839523524045944 0.0832373797893524 0.0824523195624352 0.0816351771354675 0.0808103680610657 0.080584242939949 0.0805142372846603 0.0821179375052452 0.0836267322301865 0.0847383216023445 0.0853832513093948 0.0850430205464363 0.0845769196748734 0.0839569866657257 0.0831085368990898 0.0820936560630798 0.0809979438781738 0.0798687562346458 0.0788237079977989 0.0777952000498772 0.0771067067980766 0.0764439329504967 0.0759093016386032 0.0753877013921738 0.074911892414093 0.0746125653386116 0.0746409818530083 0.0751983001828194 0.0763318762183189 0.0774836912751198
0.0884601250290871 0.088549941778183 0.0886621624231339 0.0885407850146294 0.0883529633283615 0.0877611637115479 0.0871055871248245 0.0858447924256325 0.0845787525177002 0.0832860395312309 0.0821059569716454 0.0811978280544281 0.0806025788187981 0.0804368704557419 0.0802312716841698 0.0799930468201637 0.0797475352883339 0.0794985666871071 0.0793232694268227 0.0791655704379082 0.0792819932103157 0.0794695019721985 0.0804174393415451 0.0813207104802132 0.0820370316505432 0.0824541747570038 0.0822396948933601 0.0820258930325508 0.0818129181861877 0.0815060287714005 0.0811307281255722 0.0806238576769829 0.0800624936819077 0.0796044617891312 0.0791667401790619 0.0785298198461533 0.0778619274497032 0.0769635960459709 0.0761023983359337 0.0753717795014381 0.0748410671949387 0.0746816173195839 0.0750035867094994 0.0758500769734383 0.0766402259469032
0.0836531817913055 0.0836262330412865 0.0836883783340454 0.0834039151668549 0.0830208733677864 0.0820395201444626 0.0809857249259949 0.0796294659376144 0.0783135369420052 0.0772027894854546 0.076208271086216 0.0754944309592247 0.0751620605587959 0.0753533989191055 0.0755724608898163 0.0758142098784447 0.0760087594389915 0.0761809647083282 0.0765601247549057 0.0769887343049049 0.0774458721280098 0.0779171213507652 0.0785651952028275 0.0791706368327141 0.0795976668596268 0.0799734145402908 0.0802408903837204 0.0805536136031151 0.0809216275811195 0.0810816511511803 0.0810901671648026 0.0809538885951042 0.0807576403021812 0.0807431787252426 0.0807644501328468 0.0803366675972939 0.0798437297344208 0.0788767263293266 0.077910490334034 0.076946996152401 0.0760952979326248 0.0754512399435043 0.075314573943615 0.0757307186722755 0.0763799846172333
0.0790434330701828 0.0790046080946922 0.0790886133909225 0.0787831321358681 0.0783668830990791 0.0772988721728325 0.0761629343032837 0.0749944224953651 0.0738688185811043 0.0729614421725273 0.0721685066819191 0.0716518685221672 0.0715099722146988 0.071882538497448 0.0723213851451874 0.0728144571185112 0.0732783675193787 0.0737284719944 0.074459582567215 0.0752578303217888 0.0759599879384041 0.0766454711556435 0.0771844834089279 0.0776775702834129 0.0779784843325615 0.0783384144306183 0.0788229182362556 0.0793375819921494 0.0798891261219978 0.08025823533535 0.0804944708943367 0.0805498138070107 0.0805302411317825 0.0807012841105461 0.0809097960591316 0.0806779265403748 0.0803879499435425 0.079689733684063 0.0789727568626404 0.0781897976994514 0.077370822429657 0.0764849483966827 0.0759301781654358 0.0757361426949501 0.0761901959776878
0.0746817514300346 0.0747630074620247 0.074959397315979 0.0748116374015808 0.0745659992098808 0.0737923830747604 0.0729719772934914 0.0723475143313408 0.0717144161462784 0.0710373818874359 0.0704661458730698 0.0701503902673721 0.0701078698039055 0.0704404711723328 0.0708413496613503 0.0712980926036835 0.0718165934085846 0.0723643451929092 0.0731926336884499 0.074087955057621 0.0749147236347198 0.0757270008325577 0.0763969868421555 0.0770110711455345 0.0773911625146866 0.077767439186573 0.0781356692314148 0.0784439444541931 0.0786789655685425 0.0789328068494797 0.0792003571987152 0.079222172498703 0.0791422128677368 0.0791740939021111 0.0792279541492462 0.0791753455996513 0.0791235864162445 0.0791187137365341 0.0790966972708702 0.079014390707016 0.0786731168627739 0.0778509080410004 0.0769290253520012 0.0758985579013824 0.0760890394449234
0.0722592249512672 0.0722910463809967 0.0724007561802864 0.0722572207450867 0.0720416605472565 0.0716292783617973 0.0712035372853279 0.0709611624479294 0.0706604719161987 0.070063129067421 0.0696068480610847 0.0694911926984787 0.0695428624749184 0.0698242411017418 0.0701899379491806 0.0706246197223663 0.0711835324764252 0.0718012973666191 0.0726518332958221 0.0735579878091812 0.0743871480226517 0.0752047374844551 0.0759309008717537 0.0766086205840111 0.077083632349968 0.0775192528963089 0.0778717398643494 0.0780367627739906 0.0779726728796959 0.0779569670557976 0.0779765024781227 0.0777239203453064 0.0773586332798004 0.0770809724926949 0.0768205374479294 0.0766801387071609 0.0765765607357025 0.0767892673611641 0.0770467668771744 0.0774617865681648 0.0776386260986328 0.0773731395602226 0.0769242197275162 0.076275460422039 0.0765648111701012
0.0712910816073418 0.0711463242769241 0.0710200592875481 0.0707656219601631 0.0704747289419174 0.0704737156629562 0.0705020055174828 0.070520244538784 0.0704318806529045 0.0698012486100197 0.0693798586726189 0.0694637224078178 0.069605678319931 0.0698274001479149 0.0701599940657616 0.070583313703537 0.0711720213294029 0.0718390718102455 0.0726556479930878 0.0735079571604729 0.0742478519678116 0.0749796330928802 0.0757058635354042 0.0764042213559151 0.0769859477877617 0.0775131583213806 0.0779253020882607 0.0779944211244583 0.0776442810893059 0.0772433206439018 0.0768053457140923 0.0760977044701576 0.0752783939242363 0.0745634064078331 0.0738689228892326 0.0734404549002647 0.0730675235390663 0.0731409788131714 0.0733664184808731 0.0741262659430504 0.0748515278100967 0.075512558221817 0.0761666595935822 0.0768132135272026 0.0774732902646065
0.0708639249205589 0.0706879571080208 0.0705407336354256 0.0703472271561623 0.0701405629515648 0.0702558234333992 0.0703983306884766 0.0703868046402931 0.0703152269124985 0.0699382349848747 0.0697243139147758 0.069904126226902 0.0700993314385414 0.0703156515955925 0.0707357972860336 0.0713227018713951 0.0720071494579315 0.0727377980947495 0.0735737830400467 0.0744349360466003 0.0751719549298286 0.0759067386388779 0.0767332538962364 0.077467679977417 0.0778166502714157 0.0780714526772499 0.0781274437904358 0.0778449177742004 0.0771486610174179 0.0763378515839577 0.0754436030983925 0.0745551511645317 0.0736691057682037 0.0728609040379524 0.072067990899086 0.0716237649321556 0.071224071085453 0.0711333304643631 0.0711896419525146 0.0717630013823509 0.0724002048373222 0.0731559544801712 0.0742394551634789 0.0756800398230553 0.0770987719297409
0.0706686228513718 0.0705237463116646 0.0704477056860924 0.0703887864947319 0.0703347325325012 0.0704397931694984 0.0705508887767792 0.07038514316082 0.0702465549111366 0.0702461749315262 0.0703136697411537 0.0705450549721718 0.0707776248455048 0.0710118114948273 0.0715712085366249 0.0723966807126999 0.0732051283121109 0.0740054994821548 0.0748837664723396 0.0757806450128555 0.0765518024563789 0.0773276537656784 0.0782974138855934 0.079074501991272 0.0790452510118484 0.0788716375827789 0.0783932581543922 0.0776494964957237 0.0765813738107681 0.0753501653671265 0.0740001797676086 0.0730484575033188 0.072261668741703 0.0715077146887779 0.0707602128386497 0.0704169422388077 0.070094458758831 0.0698288232088089 0.0696572586894035 0.0698164328932762 0.0700927898287773 0.070586770772934 0.0718109682202339 0.073830746114254 0.0761743858456612
0.0707989931106567 0.0706194341182709 0.0705327242612839 0.0705093145370483 0.070503905415535 0.0704778656363487 0.0704510435461998 0.0704598128795624 0.0705054998397827 0.0707389861345291 0.070948138833046 0.0710985288023949 0.0715052485466003 0.0722638741135597 0.073155052959919 0.0741546675562859 0.0751010403037071 0.0760221928358078 0.0769171938300133 0.0778059512376785 0.0783879607915878 0.0789455622434616 0.0794544145464897 0.0798100531101227 0.0795244351029396 0.0791053995490074 0.0784047022461891 0.0775314420461655 0.0764472633600235 0.075000636279583 0.0732900053262711 0.0722882002592087 0.0715799406170845 0.0707322806119919 0.0698572173714638 0.0695002302527428 0.0691732466220856 0.0689519941806793 0.0688153654336929 0.0689763054251671 0.0691960602998734 0.0695250257849693 0.0704141110181808 0.0719134509563446 0.074312262237072
0.0709967389702797 0.0707688853144646 0.070654571056366 0.0706461742520332 0.0706679001450539 0.0704857558012009 0.0702989622950554 0.0705502778291702 0.0708322301506996 0.0712700486183167 0.0715919360518456 0.0716338977217674 0.0722430720925331 0.0736309513449669 0.0748937427997589 0.0760541781783104 0.0771413594484329 0.0781938433647156 0.0791002959012985 0.0799718648195267 0.0803185328841209 0.08060422539711 0.0805271789431572 0.0803653374314308 0.0798485651612282 0.0792219638824463 0.0783635154366493 0.0774293914437294 0.0764027833938599 0.0747831463813782 0.0727315470576286 0.0716823861002922 0.0710483714938164 0.0700763836503029 0.0690379664301872 0.0686435401439667 0.0682951584458351 0.0681636407971382 0.0681163370609283 0.068365104496479 0.0685911998152733 0.0687751770019531 0.0692306980490685 0.0699820891022682 0.0722561255097389
0.071159340441227 0.0709989219903946 0.0708433166146278 0.0707068592309952 0.0705758482217789 0.0705145224928856 0.0704770088195801 0.0708900094032288 0.0712912008166313 0.0716323330998421 0.0720687806606293 0.072735384106636 0.0737668573856354 0.0752992630004883 0.0766849145293236 0.0779504850506783 0.0789951458573341 0.0799351558089256 0.0804532468318939 0.0808705240488052 0.0811042189598083 0.0812975987792015 0.0810877457261086 0.0808236077427864 0.0803323015570641 0.0797174274921417 0.0788417086005211 0.0775444805622101 0.0757320821285248 0.0738365799188614 0.0718805491924286 0.070790983736515 0.0700602605938911 0.0691241100430489 0.0681475773453712 0.0677531883120537 0.0674013793468475 0.067254938185215 0.0671886205673218 0.067404069006443 0.0676679238677025 0.0680216774344444 0.0684705972671509 0.0690231844782829 0.0708289220929146
0.0712801888585091 0.0711913108825684 0.0710029378533363 0.0707530453801155 0.0704856514930725 0.0705533400177956 0.0706717744469643 0.0712345018982887 0.0717468559741974 0.0720029696822166 0.0725627765059471 0.073855884373188 0.0752907022833824 0.0769200772047043 0.078413687646389 0.0797962173819542 0.0807672366499901 0.0815433338284492 0.081662692129612 0.0816251412034035 0.0817669928073883 0.081894263625145 0.0816300138831139 0.0813101008534431 0.080757237970829 0.0801059827208519 0.0792470201849937 0.0775872617959976 0.0749487802386284 0.0727937668561935 0.0709908977150917 0.0698747634887695 0.0690430253744125 0.0681652277708054 0.0672783777117729 0.0669062957167625 0.0665714517235756 0.0664141178131104 0.0663269385695457 0.0664864629507065 0.0667674019932747 0.0672738328576088 0.0677252039313316 0.068116582930088 0.0694636330008507
0.0709723755717278 0.0709435939788818 0.0708199888467789 0.0706809759140015 0.0705375894904137 0.0706894025206566 0.0708871856331825 0.0715106651186943 0.0721039026975632 0.0725433602929115 0.0733195617794991 0.0749088674783707 0.0764397159218788 0.0778903141617775 0.079451784491539 0.0811039730906487 0.0817570462822914 0.0819368734955788 0.0817379578948021 0.0814485475420952 0.0816655233502388 0.0819204822182655 0.0822218060493469 0.0821438878774643 0.0804787501692772 0.0791731849312782 0.0786266848444939 0.0767549499869347 0.0732635036110878 0.0710724666714668 0.069828636944294 0.068830132484436 0.0679332241415977 0.0672774836421013 0.0666691511869431 0.0665390491485596 0.0664301067590714 0.066354937851429 0.0662787929177284 0.0661992505192757 0.0662617310881615 0.0665879547595978 0.0669345557689667 0.067303366959095 0.0684583112597466
