Ecospace-environmental-drivers/Outputs/ASCII-for-ecospace/MOM6-ISIMIP3a/phyc-vint/2007-07_phyc-vint_MOM6-ISIMIP3a.asc
NCOLS 131 
NROWS 53 
XLLCORNER -98 
YLLCORNER 23.9265270233154 
CELLSIZE 0.133587792515755 
NODATA_value -9999 
[rows 20 to 39 of 53, columns 45 to 89 of 131]
0.102596022188663 0.103262580931187 0.104160875082016 0.106017075479031 0.108145713806152 0.103167518973351 0.0976646989583969 0.0976375788450241 0.0972218364477158 0.0948292016983032 0.0916271805763245 0.0864707976579666 0.0856720879673958 0.0908558815717697 0.0943782031536102 0.0965411439538002 0.098629504442215 0.100682534277439 0.102776564657688 0.104880400002003 0.108060367405415 0.111213579773903 0.112901248037815 0.113964602351189 0.112415105104446 0.110141910612583 0.106340914964676 0.102204591035843 0.0976584255695343 0.0934906676411629 0.0895985215902328 0.0868673771619797 0.0846170410513878 0.0834757909178734 0.0825525745749474 0.0849384367465973 0.0873162448406219 0.0884182751178741 0.0895111784338951 0.0905719846487045 0.0915154814720154 0.0922411233186722 0.0929802432656288 0.0937340408563614 0.09467863291502
0.0960511043667793 0.0960992425680161 0.0963889807462692 0.0966595932841301 0.0969247594475746 0.0972593948245049 0.0975722298026085 0.0971043631434441 0.096541628241539 0.0954962968826294 0.093949481844902 0.0911917686462402 0.0891019627451897 0.0879290997982025 0.0884912759065628 0.0904730260372162 0.0923883393406868 0.0942721888422966 0.0971510261297226 0.100267589092255 0.104233533143997 0.108096390962601 0.109609611332417 0.11054353415966 0.109053075313568 0.106965601444244 0.103617809712887 0.100129812955856 0.0964704528450966 0.0929426103830338 0.0895105674862862 0.087005577981472 0.0848845094442368 0.0830425471067429 0.0812554582953453 0.0824633538722992 0.0838082507252693 0.0854079648852348 0.0870454162359238 0.0888155549764633 0.0902712345123291 0.0911429449915886 0.0919443368911743 0.0926690995693207 0.0936989262700081
0.0945847481489182 0.0940637215971947 0.0935665890574455 0.0936201885342598 0.0938304215669632 0.0938737541437149 0.0938908308744431 0.0936603471636772 0.093339815735817 0.092561200261116 0.0914329066872597 0.0894603133201599 0.0877727642655373 0.0864765420556068 0.0863481387495995 0.0871752128005028 0.0884924754500389 0.0900419428944588 0.0930881798267365 0.0964920520782471 0.100648753345013 0.104676738381386 0.106078594923019 0.106924176216125 0.105441689491272 0.103459000587463 0.100420370697975 0.0973337665200233 0.0941885188221931 0.0911942273378372 0.0883098915219307 0.0860837921500206 0.0841303020715714 0.082463450729847 0.0808529481291771 0.081410825252533 0.0821350663900375 0.0837000384926796 0.0853364542126656 0.087224043905735 0.0887288525700569 0.0895228087902069 0.0902693197131157 0.0909641459584236 0.0917732790112495
0.0936225652694702 0.0925855711102486 0.0913522467017174 0.0912626907229424 0.0914984196424484 0.0908380225300789 0.0901132896542549 0.0901279971003532 0.0900410190224648 0.0894367769360542 0.0886257961392403 0.087315633893013 0.0861625522375107 0.0852251127362251 0.0846123993396759 0.0842653810977936 0.084953673183918 0.0861323624849319 0.0892413333058357 0.0928115174174309 0.097050778567791 0.101142555475235 0.102418586611748 0.103165805339813 0.101699873805046 0.0998253375291824 0.0970881953835487 0.0943853557109833 0.0917244479060173 0.0892625525593758 0.0869456231594086 0.0850196108222008 0.0832555070519447 0.0818257182836533 0.0804616585373878 0.0804433301091194 0.0806112736463547 0.0821120068430901 0.0837156549096107 0.085681177675724 0.0872031450271606 0.0879014134407043 0.0885759741067886 0.0892247185111046 0.0897833406925201
0.0945331603288651 0.0937954410910606 0.0928886607289314 0.0921372324228287 0.0914299935102463 0.0903743579983711 0.0893051698803902 0.0888329446315765 0.0883427113294601 0.0877609327435493 0.0871668085455894 0.0865428820252419 0.0859563574194908 0.0854211673140526 0.0848470702767372 0.0842411443591118 0.0843295454978943 0.0847468376159668 0.0869749188423157 0.0896356627345085 0.0929279401898384 0.0961025953292847 0.0969338864088058 0.0973651930689812 0.0961224809288979 0.094514325261116 0.0921346917748451 0.0898382887244225 0.0876436084508896 0.0858301594853401 0.0842944011092186 0.082951158285141 0.0816876515746117 0.080405592918396 0.0791198909282684 0.0790732502937317 0.0792235061526299 0.0808489844202995 0.0825889706611633 0.0847315788269043 0.0863310396671295 0.0869218036532402 0.0873913541436195 0.0877288356423378 0.0879331827163696
0.094789482653141 0.0942083820700645 0.093481607735157 0.0921829268336296 0.0907215923070908 0.0893803164362907 0.0880692601203918 0.0872426107525826 0.0864671766757965 0.0859523266553879 0.0855743139982224 0.0855267122387886 0.085425429046154 0.0852504447102547 0.0847798362374306 0.0840673521161079 0.0837180018424988 0.0835406631231308 0.0849325582385063 0.0866993963718414 0.0890129953622818 0.0912412106990814 0.0916799083352089 0.0918378606438637 0.0908208563923836 0.0895026177167892 0.0875484570860863 0.0857114270329475 0.0840175598859787 0.0828074291348457 0.0819496512413025 0.0811155065894127 0.0802911520004272 0.0791503340005875 0.0779473036527634 0.0778385400772095 0.0779294297099113 0.079574815928936 0.0813313126564026 0.0834784731268883 0.0850597843527794 0.0855902582406998 0.0859151035547256 0.0860159024596214 0.0859468653798103
0.0921769961714745 0.09112698584795 0.0899377018213272 0.0885943248867989 0.0872071161866188 0.0860607251524925 0.0849576145410538 0.0843575671315193 0.0838145464658737 0.0835616216063499 0.0833964571356773 0.083443209528923 0.0834706202149391 0.083471491932869 0.0833888202905655 0.0832378044724464 0.0831616371870041 0.0831209123134613 0.0838726013898849 0.0848136320710182 0.0860096588730812 0.0871628448367119 0.0874375626444817 0.0875087901949883 0.0867284312844276 0.0858033001422882 0.0845725610852242 0.0834270268678665 0.0823856443166733 0.0815809592604637 0.080948680639267 0.0803006067872047 0.0796459913253784 0.0786179602146149 0.0775165259838104 0.0771974176168442 0.0770461782813072 0.0782517716288567 0.0794993489980698 0.0808945447206497 0.0820384174585342 0.0827155634760857 0.0831601321697235 0.0833513140678406 0.0833634883165359
0.0889782682061195 0.0877383425831795 0.0864022225141525 0.0851589143276215 0.0839419886469841 0.0830115228891373 0.0821268707513809 0.0816875398159027 0.0813021212816238 0.0811909511685371 0.0811391323804855 0.0812306478619576 0.0813465192914009 0.0814958065748215 0.0817315801978111 0.0820381119847298 0.082284577190876 0.082502581179142 0.0828609988093376 0.0832529589533806 0.0836077108979225 0.0839429423213005 0.0840312764048576 0.0839904993772507 0.0834093764424324 0.08280960470438 0.0821704640984535 0.0815798789262772 0.0810486227273941 0.0805701017379761 0.0801299884915352 0.0796324387192726 0.0791110917925835 0.078271172940731 0.0773686245083809 0.0769593343138695 0.0766745805740356 0.0774279981851578 0.0781775191426277 0.0789133459329605 0.0796458050608635 0.0803720280528069 0.0808887183666229 0.0811771079897881 0.0813286602497101
0.0845004543662071 0.083679310977459 0.0828851312398911 0.0820577368140221 0.0812208950519562 0.0805522724986076 0.0799090415239334 0.0794866606593132 0.0790956243872643 0.0788639858365059 0.0787084102630615 0.0787365138530731 0.0788530185818672 0.0790908932685852 0.0794934704899788 0.0800308063626289 0.0807078182697296 0.081450991332531 0.0819548740983009 0.0824015811085701 0.0825179144740105 0.082596093416214 0.0824491828680038 0.0822412073612213 0.0817777067422867 0.0813554599881172 0.081020325422287 0.0806867331266403 0.0803550258278847 0.0800297036767006 0.0797090232372284 0.0792844146490097 0.078816756606102 0.0783292874693871 0.0778379216790199 0.0776006057858467 0.077419325709343 0.0776935592293739 0.0779687315225601 0.0782472118735313 0.0786250606179237 0.079187422990799 0.0796723291277885 0.0800728425383568 0.0804907009005547
0.0813417434692383 0.0809114053845406 0.0805576667189598 0.0800370872020721 0.0794690549373627 0.0789879187941551 0.0785161629319191 0.0780575796961784 0.077624186873436 0.07731893658638 0.0770983472466469 0.0770821869373322 0.0771562159061432 0.0773540586233139 0.0777551233768463 0.0783224552869797 0.0791785195469856 0.0801713466644287 0.0807911530137062 0.0813218355178833 0.0812991634011269 0.0812251567840576 0.080957368016243 0.0806857421994209 0.0803980529308319 0.0802006497979164 0.0801938623189926 0.0801566019654274 0.0800820887088776 0.0799706652760506 0.0798323601484299 0.0795975923538208 0.0793228819966316 0.0792083665728569 0.0791253373026848 0.0791041404008865 0.0790843516588211 0.0790560767054558 0.0790157243609428 0.0789329335093498 0.0789860412478447 0.0792915523052216 0.079611174762249 0.0799461826682091 0.0804015174508095
0.0798425674438477 0.0797678455710411 0.0797268524765968 0.0793758183717728 0.0789366140961647 0.0785494297742844 0.0781611576676369 0.0775994807481766 0.0770775228738785 0.0767576023936272 0.0765207335352898 0.0764844045042992 0.0764617100358009 0.0764577239751816 0.076645515859127 0.0769902095198631 0.0777089223265648 0.0786048024892807 0.0793033540248871 0.0799547657370567 0.0799181535840034 0.0798239335417747 0.0795791447162628 0.0793741196393967 0.0793354585766792 0.0794224292039871 0.0797746106982231 0.0800831541419029 0.0803383588790894 0.0805172175168991 0.0806404575705528 0.0807426199316978 0.0808360427618027 0.0811202749609947 0.0814420133829117 0.0816924571990967 0.0819071754813194 0.0817986652255058 0.0816426053643227 0.0813193842768669 0.0810853689908981 0.081017017364502 0.0810034051537514 0.0810494273900986 0.0812543407082558
0.0792755931615829 0.0792649388313293 0.0792344734072685 0.0788996517658234 0.0784782692790031 0.0781077444553375 0.0777445212006569 0.0774376839399338 0.0771429017186165 0.0769094303250313 0.0767337903380394 0.0766977965831757 0.0765579640865326 0.076275572180748 0.0762338265776634 0.0763889774680138 0.0768992975354195 0.0775778591632843 0.0781697630882263 0.0787409543991089 0.0787236019968987 0.0786651074886322 0.078596368432045 0.0785944312810898 0.0788720548152924 0.0792987272143364 0.0800400525331497 0.0807035565376282 0.0812719389796257 0.0817074701189995 0.0820462331175804 0.0823828279972076 0.0827185362577438 0.083174891769886 0.0836549699306488 0.0840337201952934 0.0843577086925507 0.0841834023594856 0.0839700400829315 0.0836193263530731 0.0832831338047981 0.0829739272594452 0.0827182903885841 0.0825210213661194 0.0824914127588272
0.0794077962636948 0.0792425274848938 0.0789959207177162 0.0785623043775558 0.078075498342514 0.0776636600494385 0.0772816613316536 0.0774981155991554 0.0776673033833504 0.077596127986908 0.0775398537516594 0.0775195732712746 0.0772472992539406 0.076629064977169 0.0763455927371979 0.0763360038399696 0.0765846595168114 0.0769556313753128 0.0773018226027489 0.0776420906186104 0.0776688903570175 0.0776880905032158 0.0779101848602295 0.078213706612587 0.0788580402731895 0.0796659141778946 0.0808190256357193 0.0818443521857262 0.0827135071158409 0.0833805054426193 0.0839002579450607 0.0843944400548935 0.0848780274391174 0.0853365436196327 0.085790142416954 0.0861896872520447 0.0865290239453316 0.0862997621297836 0.0860728845000267 0.0858543813228607 0.0855547413229942 0.0851044207811356 0.084675170481205 0.0842688754200935 0.0840166658163071
0.0798811987042427 0.0795336961746216 0.0790700241923332 0.0785378143191338 0.0779861062765121 0.0777760222554207 0.0776229351758957 0.0780645236372948 0.0784170776605606 0.0783167332410812 0.0781712383031845 0.0779167115688324 0.077504500746727 0.0768758207559586 0.0767038688063622 0.0769056081771851 0.0770881250500679 0.0772615373134613 0.0773814618587494 0.0774886012077332 0.0775123462080956 0.0775563791394234 0.0779792368412018 0.0785016193985939 0.0794405788183212 0.080492839217186 0.0817842930555344 0.0828959047794342 0.083787702023983 0.0843931064009666 0.0847899094223976 0.0851230025291443 0.0854297205805779 0.0855603441596031 0.0856563523411751 0.0856727361679077 0.0856416150927544 0.0851752683520317 0.084786131978035 0.084668442606926 0.0845328941941261 0.0843642055988312 0.0843627825379372 0.0845436081290245 0.0847260504961014
0.0805008262395859 0.0799592584371567 0.0792781263589859 0.0786474049091339 0.078031025826931 0.0781268700957298 0.0783088430762291 0.0788477882742882 0.0792634338140488 0.0790518745779991 0.0787277519702911 0.0781318470835686 0.0775765031576157 0.0770768225193024 0.0771678015589714 0.0777420327067375 0.0779422223567963 0.0779652297496796 0.077867217361927 0.0777402892708778 0.0777407363057137 0.0777869522571564 0.0783719643950462 0.0790761038661003 0.0802787840366364 0.0815168023109436 0.0828294083476067 0.0839092060923576 0.0847044512629509 0.0851226598024368 0.0852662399411201 0.0853016898036003 0.085292361676693 0.0849536284804344 0.084550142288208 0.0840102359652519 0.0834433063864708 0.0826618224382401 0.082046665251255 0.082016333937645 0.0820995569229126 0.0823936760425568 0.0830778479576111 0.0841869860887527 0.0850857719779015
0.0804322808980942 0.0797786712646484 0.0790737867355347 0.0785608887672424 0.0781025961041451 0.0784667879343033 0.0789175406098366 0.0794325023889542 0.0798125118017197 0.0795061066746712 0.0790593475103378 0.0782736763358116 0.0776978507637978 0.0774101093411446 0.0776679739356041 0.0783722549676895 0.078667901456356 0.0787699893116951 0.0787100270390511 0.0786113366484642 0.0784719213843346 0.0783801823854446 0.0790228843688965 0.0797712653875351 0.0809619277715683 0.0821847543120384 0.0834755077958107 0.0842916741967201 0.0845278054475784 0.0844432637095451 0.0841251462697983 0.0837203189730644 0.0832795798778534 0.0825244560837746 0.0817075297236443 0.0810577198863029 0.0804091915488243 0.0797127410769463 0.079145535826683 0.0790328159928322 0.0790916085243225 0.0794689059257507 0.080334760248661 0.0817329064011574 0.0831925198435783
0.0802213400602341 0.0794726684689522 0.0787841081619263 0.0784337967634201 0.0781796798110008 0.0788044407963753 0.0795102715492249 0.0799761265516281 0.080300085246563 0.0799022242426872 0.0793444067239761 0.0784003362059593 0.0778294131159782 0.0777707621455193 0.0781756564974785 0.0789598077535629 0.0793670192360878 0.0795956701040268 0.079626701772213 0.0796105191111565 0.0793071463704109 0.0790484473109245 0.0797272250056267 0.0804914012551308 0.0816129818558693 0.0827790498733521 0.0840390473604202 0.0845436230301857 0.084124930202961 0.0834723487496376 0.0826494097709656 0.0817747861146927 0.080878771841526 0.079718217253685 0.0785056576132774 0.077838309109211 0.0772021561861038 0.0766735225915909 0.0762109607458115 0.0759807303547859 0.0759647637605667 0.0763467103242874 0.0772899836301804 0.0788448601961136 0.0808331295847893
0.079678475856781 0.0791918709874153 0.0788054168224335 0.0786419659852982 0.0785419419407845 0.0787944868206978 0.0790967270731926 0.0797662958502769 0.0803126618266106 0.0802323073148727 0.0799248814582825 0.0790691524744034 0.0785705894231796 0.0785623788833618 0.0788922160863876 0.0794986411929131 0.0799848809838295 0.0804141983389854 0.0807207748293877 0.0809980258345604 0.0807612463831902 0.0805543288588524 0.0812960043549538 0.0819436460733414 0.0821977406740189 0.0828736647963524 0.0844400897622108 0.0845965147018433 0.0830296501517296 0.0821297764778137 0.0817157402634621 0.0801412239670753 0.0780861228704453 0.0771746635437012 0.0764880105853081 0.0760560855269432 0.0756300017237663 0.075168788433075 0.0747291445732117 0.0743653401732445 0.0742030665278435 0.0744150578975677 0.0751515775918961 0.0764595866203308 0.078277975320816
0.0791702345013618 0.0789697468280792 0.0789040923118591 0.0789185538887978 0.0789557993412018 0.0788241028785706 0.078709602355957 0.0795262083411217 0.0802485346794128 0.0804912522435188 0.0804567262530327 0.0797527804970741 0.0793618336319923 0.0794005990028381 0.079656682908535 0.0800905749201775 0.080671913921833 0.0813231021165848 0.0819036215543747 0.0824672654271126 0.0823065713047981 0.0821590647101402 0.0829279348254204 0.0834222137928009 0.0827672630548477 0.0829311162233353 0.0848235189914703 0.0846634730696678 0.0819949060678482 0.0809184312820435 0.0810016021132469 0.0787026435136795 0.0754171684384346 0.0747949182987213 0.0746961906552315 0.0744938030838966 0.0742701217532158 0.0738758370280266 0.0734567642211914 0.0729505196213722 0.0726281031966209 0.0726470798254013 0.0731473565101624 0.0741720348596573 0.0757759287953377
0.0791899561882019 0.0793614462018013 0.0796795934438705 0.0797648206353188 0.0797837972640991 0.0794417932629585 0.0790848881006241 0.0793233066797256 0.0795931592583656 0.0800229087471962 0.0803287625312805 0.080335445702076 0.0803958624601364 0.080530047416687 0.080832377076149 0.0812722817063332 0.0821355879306793 0.0831994563341141 0.0839487388730049 0.0846228525042534 0.0845292583107948 0.0844181999564171 0.0848205834627151 0.0848317816853523 0.083205834031105 0.0828308314085007 0.0850966945290565 0.0849754735827446 0.0819367542862892 0.0812844336032867 0.0823703333735466 0.0791949555277824 0.0742548480629921 0.0740370750427246 0.0747476071119308 0.0745911374688148 0.0743936374783516 0.0741090402007103 0.0737245753407478 0.0729889646172523 0.072393000125885 0.0720563605427742 0.072141632437706 0.0726865977048874 0.0739338770508766
