Ecospace-environmental-drivers/Outputs/ASCII-for-ecospace/MOM6-ISIMIP3a/phyc-vint/2007-06_phyc-vint_MOM6-ISIMIP3a.asc
NCOLS 131 
NROWS 53 
XLLCORNER -98 
YLLCORNER 23.9265270233154 
CELLSIZE 0.133587792515755 
NODATA_value -9999 
[rows 20 to 39 of 53, columns 45 to 89 of 131]
0.123167358338833 0.12403117865324 0.125662252306938 0.128176778554916 0.130942553281784 0.127365007996559 0.123313032090664 0.123982354998589 0.124322131276131 0.122985564172268 0.121218457818031 0.118411764502525 0.118826098740101 0.123662486672401 0.127195790410042 0.129662930965424 0.131719425320625 0.133581385016441 0.133360713720322 0.132642433047295 0.129991069436073 0.127212509512901 0.124515637755394 0.121745005249977 0.118665672838688 0.115229837596416 0.111041389405727 0.106743529438972 0.102311946451664 0.098288968205452 0.0945636108517647 0.092683382332325 0.0915672928094864 0.0927689746022224 0.094426266849041 0.0975456684827805 0.100628212094307 0.102821841835976 0.104685738682747 0.105390302836895 0.106163382530212 0.107063718140125 0.107461169362068 0.107310697436333 0.106677554547787
0.116840787231922 0.115517653524876 0.114450290799141 0.114235170185566 0.114262416958809 0.116087466478348 0.118061989545822 0.119103483855724 0.119962304830551 0.119891867041588 0.119505405426025 0.118355855345726 0.118215717375278 0.119461357593536 0.120795682072639 0.122202567756176 0.124084465205669 0.126191362738609 0.12666055560112 0.126738458871841 0.125204220414162 0.123506590723991 0.121042780578136 0.118493005633354 0.115583434700966 0.112330943346024 0.108354546129704 0.104472152888775 0.100704655051231 0.0968934670090675 0.0930504575371742 0.0911656096577644 0.0900917053222656 0.09137824177742 0.0931287854909897 0.0969954803586006 0.100778356194496 0.102976895868778 0.104867465794086 0.105675213038921 0.10651870816946 0.107428602874279 0.107976816594601 0.108130976557732 0.107863999903202
0.107378125190735 0.106142111122608 0.10495812445879 0.10464896261692 0.104588598012924 0.105644032359123 0.106801390647888 0.107626743614674 0.108401075005531 0.108915902674198 0.109282128512859 0.109289519488811 0.11010555177927 0.112031735479832 0.114199332892895 0.116564452648163 0.118844516575336 0.121084287762642 0.121642351150513 0.121798597276211 0.120512291789055 0.119052171707153 0.116504430770874 0.11389421671629 0.111022531986237 0.107975542545319 0.10455846786499 0.101245038211346 0.0980582907795906 0.0947255641222 0.0912865102291107 0.0895027220249176 0.0884044319391251 0.0900185778737068 0.0921659246087074 0.096511222422123 0.100742988288403 0.103070542216301 0.10506097972393 0.105866082012653 0.106533274054527 0.106944367289543 0.107149809598923 0.107131190598011 0.10691749304533
0.0981327444314957 0.0971635207533836 0.0960804671049118 0.0958738625049591 0.0959165245294571 0.0958012416958809 0.0956941694021225 0.0962450802326202 0.0968661084771156 0.0978437885642052 0.0988363102078438 0.0998646840453148 0.101638868451118 0.104436956346035 0.107534877955914 0.110878109931946 0.113550089299679 0.115904100239277 0.116522423923016 0.116726033389568 0.115624874830246 0.114342853426933 0.111733146011829 0.109083481132984 0.106266602873802 0.103445149958134 0.100614048540592 0.0978831946849823 0.09527488052845 0.0924447551369667 0.0894530490040779 0.0877945944666862 0.0866882726550102 0.0886391848325729 0.0911910831928253 0.0959885790944099 0.100648902356625 0.103156946599483 0.105270989239216 0.105999760329723 0.10644419491291 0.106360606849194 0.106218755245209 0.106013409793377 0.105829231441021
0.0964536443352699 0.0958291292190552 0.0951598063111305 0.094954289495945 0.0948806777596474 0.0948109403252602 0.0947462692856789 0.0948077067732811 0.0949058532714844 0.095190703868866 0.0955211892724037 0.0959618762135506 0.0968093425035477 0.0982152819633484 0.0999958217144012 0.10208286345005 0.104316398501396 0.106619328260422 0.107588931918144 0.108239956200123 0.107390984892845 0.106377571821213 0.104470670223236 0.102484948933125 0.100169345736504 0.0978760421276093 0.0956297963857651 0.0935113653540611 0.0915491506457329 0.0892813950777054 0.0867910832166672 0.0855242684483528 0.084764152765274 0.0868948251008987 0.0895937532186508 0.0947486981749535 0.0998213589191437 0.103201597929001 0.105738297104836 0.105309076607227 0.105077348649502 0.10521238297224 0.105275094509125 0.105259023606777 0.105109483003616
0.0950272604823112 0.0946526601910591 0.0942878797650337 0.0940479561686516 0.093843549489975 0.0937820225954056 0.0937256440520287 0.0934135690331459 0.0931112617254257 0.0928586572408676 0.0926714539527893 0.0926421880722046 0.0927435010671616 0.0930240750312805 0.0936955735087395 0.0946869179606438 0.0964031219482422 0.0984626784920692 0.099615141749382 0.100550875067711 0.0999580770730972 0.0992244929075241 0.0979702398180962 0.0966051518917084 0.0947762057185173 0.0929826647043228 0.0912638977169991 0.0896719098091125 0.0882348716259003 0.0864419639110565 0.0843898430466652 0.083477571606636 0.0830373540520668 0.0853124558925629 0.0881213173270226 0.0933876484632492 0.098626509308815 0.10270793735981 0.105604991316795 0.104337759315968 0.10364593565464 0.104022718966007 0.104309074580669 0.10449692606926 0.104423709213734
0.0947090014815331 0.0941686108708382 0.0936296135187149 0.0931996777653694 0.0928007587790489 0.0925837606191635 0.0923861488699913 0.0922090038657188 0.0920430794358253 0.0919342711567879 0.0918623134493828 0.0918793380260468 0.0920261666178703 0.0923511907458305 0.092827133834362 0.0934265628457069 0.0942794978618622 0.095252513885498 0.0958494022488594 0.0963564217090607 0.0960372388362885 0.0956326425075531 0.0948111563920975 0.0938768461346626 0.0924703702330589 0.0910521820187569 0.0896092876791954 0.0881667733192444 0.0867247134447098 0.0850228741765022 0.0831318125128746 0.0824113786220551 0.0821757465600967 0.0844403877854347 0.08719652146101 0.0914952754974365 0.0958211496472359 0.099853903055191 0.102838166058064 0.102135866880417 0.101931378245354 0.102651365101337 0.103244997560978 0.10370098054409 0.103886902332306
0.0937573984265327 0.0931392908096313 0.0925416797399521 0.091988630592823 0.0914482623338699 0.0911701768636703 0.0909275561571121 0.0909176245331764 0.090910479426384 0.0909175127744675 0.0909402295947075 0.0910008102655411 0.0911788195371628 0.0915180444717407 0.0918635353446007 0.0922141522169113 0.0925009623169899 0.0927575379610062 0.092987947165966 0.0932120978832245 0.0931095778942108 0.0929606929421425 0.0924637466669083 0.0918478593230247 0.0907341912388802 0.089559517800808 0.0882560461759567 0.0868930518627167 0.0854573175311089 0.083896592259407 0.0822448283433914 0.0818131417036057 0.0818867310881615 0.0841242522001266 0.0867871418595314 0.0901283845305443 0.0935199856758118 0.0971581116318703 0.0999674275517464 0.0998625904321671 0.100148573517799 0.1011603474617 0.101974137127399 0.102572202682495 0.102883689105511
0.0914239436388016 0.0909202396869659 0.0905162617564201 0.0899860933423042 0.0894200280308723 0.0892867743968964 0.0892091318964958 0.0894368514418602 0.0896373242139816 0.0896991938352585 0.0897716954350471 0.0898698717355728 0.0900478139519691 0.0903352499008179 0.0906923189759254 0.0911063477396965 0.0914753377437592 0.0918229892849922 0.0920994952321053 0.0923589915037155 0.0923488810658455 0.0922958180308342 0.0918873026967049 0.0913446992635727 0.0902409330010414 0.0890220999717712 0.0875603407621384 0.0861242711544037 0.0847195908427238 0.0834091752767563 0.0821674093604088 0.0822359099984169 0.0828470438718796 0.0850210785865784 0.0875023528933525 0.0899080410599709 0.0923188999295235 0.0948075652122498 0.0968699529767036 0.0974335297942162 0.0982168540358543 0.0994082614779472 0.100252084434032 0.100717216730118 0.100862853229046
0.0894119590520859 0.0888833701610565 0.0885440856218338 0.0881769582629204 0.087801918387413 0.0879396051168442 0.0881479680538177 0.0888472646474838 0.0894204378128052 0.0893520638346672 0.0892665386199951 0.0891395881772041 0.0890975743532181 0.0891721621155739 0.0894558802247047 0.0899107083678246 0.0904053002595901 0.0909187346696854 0.0912988632917404 0.0916471481323242 0.0917529985308647 0.0918197855353355 0.0915604084730148 0.0911534056067467 0.090128555893898 0.0889269188046455 0.0873520821332932 0.0858832374215126 0.084543950855732 0.0836085006594658 0.0829672068357468 0.0835612714290619 0.084666945040226 0.0866005569696426 0.0886969119310379 0.0903110727667809 0.0919058546423912 0.0934858173131943 0.0949203073978424 0.0958433151245117 0.0968658775091171 0.0980733335018158 0.0988352969288826 0.099111869931221 0.0990911051630974
0.087804414331913 0.0870757028460503 0.0866388753056526 0.0866111442446709 0.0866997614502907 0.0872670710086823 0.0879136919975281 0.0893788635730743 0.0905324444174767 0.0901009812951088 0.0895959660410881 0.0889133512973785 0.0883747562766075 0.0880338698625565 0.0881374031305313 0.0886045545339584 0.0892793834209442 0.0900525823235512 0.090608723461628 0.0911130085587502 0.0913644656538963 0.091581329703331 0.0915474891662598 0.0913544818758965 0.0904953479766846 0.0893880948424339 0.0877570584416389 0.086306169629097 0.0850754678249359 0.084671825170517 0.0848705992102623 0.0860221534967422 0.0875682979822159 0.0890388488769531 0.0904945433139801 0.0914983525872231 0.0924842283129692 0.093458391726017 0.0944147333502769 0.0953084230422974 0.0962455272674561 0.0972632467746735 0.0978025421500206 0.0978205651044846 0.0976327210664749
0.0869782865047455 0.086481586098671 0.0862900018692017 0.0864951759576797 0.0868131890892982 0.087726853787899 0.0887353122234344 0.0906569510698318 0.0921840816736221 0.091704361140728 0.0909933522343636 0.0897238701581955 0.0886677578091621 0.0879045873880386 0.0877673327922821 0.0881421864032745 0.088815838098526 0.0896310210227966 0.0901516377925873 0.0906018689274788 0.090784415602684 0.0909502357244492 0.0911403074860573 0.091183215379715 0.0906102433800697 0.0897669568657875 0.0883530378341675 0.0871214643120766 0.086112767457962 0.086054302752018 0.0866879746317863 0.0879899635910988 0.0895687341690063 0.0907149612903595 0.0917761698365211 0.0924566313624382 0.0931291207671165 0.093861423432827 0.0946400314569473 0.0955814644694328 0.0964349508285522 0.0971251130104065 0.0973140522837639 0.0969568938016891 0.096672311425209
0.086738221347332 0.0867976397275925 0.0871083810925484 0.0874665975570679 0.0878383070230484 0.0890358909964561 0.0903488621115685 0.0924949124455452 0.0942404419183731 0.0939486026763916 0.0931917279958725 0.0913119539618492 0.089722640812397 0.0885320827364922 0.0881085768342018 0.0883126631379128 0.0888490751385689 0.0895429104566574 0.0898693352937698 0.0901079699397087 0.0900607109069824 0.0900246500968933 0.0904374197125435 0.0907326936721802 0.0905362069606781 0.0900840759277344 0.0890922620892525 0.0882310271263123 0.0875294059514999 0.0876761451363564 0.088440828025341 0.0895879566669464 0.0908934772014618 0.0918194353580475 0.0926707834005356 0.0932431519031525 0.0938238948583603 0.0945873111486435 0.095413513481617 0.0964604616165161 0.0972317084670067 0.0974909365177155 0.0972337648272514 0.0964139401912689 0.0960853844881058
0.0875093787908554 0.0877401754260063 0.0880258157849312 0.0882984772324562 0.0885674506425858 0.0906659588217735 0.092914342880249 0.0941533967852592 0.0951156616210938 0.094669945538044 0.0938100442290306 0.0919500738382339 0.090499259531498 0.0896101742982864 0.0893979668617249 0.0897395685315132 0.0902126282453537 0.0907479524612427 0.090873196721077 0.0909004583954811 0.0905234590172768 0.090149313211441 0.0902208685874939 0.090286910533905 0.0903298258781433 0.0901802182197571 0.0896241739392281 0.0891055166721344 0.0886325463652611 0.0888338536024094 0.0895262882113457 0.0905750617384911 0.0917713940143585 0.0925672203302383 0.0932843163609505 0.0938113555312157 0.0943626388907433 0.0952195599675179 0.0960822477936745 0.0969651788473129 0.0975122377276421 0.0974355563521385 0.0968756526708603 0.0957892686128616 0.0953045785427094
0.0887139216065407 0.0889512076973915 0.0889856964349747 0.0890705585479736 0.0891697555780411 0.0924336090683937 0.0958877950906754 0.0957349613308907 0.0954846739768982 0.0947386026382446 0.0937511920928955 0.0921810492873192 0.0911566242575645 0.090881384909153 0.0910937190055847 0.0917049646377563 0.0921463221311569 0.0925072059035301 0.0924282744526863 0.0922442525625229 0.09149469435215 0.0907240882515907 0.0902127549052238 0.0898431465029716 0.0900667160749435 0.0901816561818123 0.0900672450661659 0.0898792594671249 0.0896013379096985 0.0897926390171051 0.0903257206082344 0.0913003459572792 0.0924578234553337 0.0931621417403221 0.0937773883342743 0.0942859873175621 0.0948345139622688 0.0958116874098778 0.0967060923576355 0.097309485077858 0.0975715219974518 0.0971996560692787 0.0963984802365303 0.0951295793056488 0.094440683722496
0.0894254222512245 0.0893525928258896 0.0891237482428551 0.0891657024621964 0.0892846584320068 0.0925555676221848 0.0960197597742081 0.095991812646389 0.0957738757133484 0.094589501619339 0.093410424888134 0.0922441408038139 0.0917823538184166 0.0922877416014671 0.092946283519268 0.0937301218509674 0.0942141339182854 0.0945561230182648 0.094402402639389 0.0941302329301834 0.0933788493275642 0.092567503452301 0.0913625657558441 0.0903405100107193 0.0900838002562523 0.0899893939495087 0.0902376472949982 0.0904064252972603 0.0904780775308609 0.0909745991230011 0.0917805954813957 0.092454582452774 0.0930739119648933 0.0935116931796074 0.0939137935638428 0.0944776609539986 0.0950649529695511 0.0958225131034851 0.0964272543787956 0.0964946895837784 0.0963320955634117 0.0957423150539398 0.0949040129780769 0.0937949195504189 0.0929010510444641
0.0900349169969559 0.0895864591002464 0.0890917703509331 0.0891207754611969 0.0892987176775932 0.0923370271921158 0.0955638140439987 0.0959745720028877 0.0960465669631958 0.0943953469395638 0.0930113345384598 0.0922724977135658 0.092401534318924 0.0937220603227615 0.0948312878608704 0.0957676470279694 0.0963096991181374 0.0966649800539017 0.0964632257819176 0.0961283892393112 0.0954518839716911 0.0946733877062798 0.0927519649267197 0.0910325944423676 0.0901588499546051 0.0897570699453354 0.0903516337275505 0.0908825844526291 0.0913357809185982 0.0922027379274368 0.0933710709214211 0.0936975702643394 0.0936754420399666 0.0938104763627052 0.0939764007925987 0.094610795378685 0.0952454432845116 0.0957130640745163 0.0959616452455521 0.095440074801445 0.094823956489563 0.0940322652459145 0.0931990593671799 0.0923206135630608 0.0912216156721115
0.0902180597186089 0.0894597172737122 0.0887489318847656 0.0886736959218979 0.0887792110443115 0.0908090099692345 0.0930369198322296 0.0952954664826393 0.0970471650362015 0.0962205454707146 0.0953665673732758 0.0944465175271034 0.0942394807934761 0.0950113013386726 0.0956704542040825 0.0962374210357666 0.09678665548563 0.0973274856805801 0.0971723049879074 0.0968508273363113 0.0961680486798286 0.0953808203339577 0.0934344008564949 0.0917114466428757 0.0909237116575241 0.0906005054712296 0.0912579745054245 0.0917655304074287 0.092089869081974 0.0924528837203979 0.0928440541028976 0.0930551961064339 0.0931917726993561 0.0931995138525963 0.0931819304823875 0.0935076773166656 0.0937622934579849 0.0931978821754456 0.0925363153219223 0.0915331542491913 0.0906087607145309 0.0898306593298912 0.0891662165522575 0.0886256098747253 0.088122770190239
0.0903651192784309 0.0893078073859215 0.0883819609880447 0.0881843566894531 0.0881938561797142 0.0892368853092194 0.090485505759716 0.0944286808371544 0.097739651799202 0.0978346914052963 0.0976000130176544 0.0965692102909088 0.0960538387298584 0.0962460860610008 0.0964467823505402 0.0966543927788734 0.0971821919083595 0.0978616625070572 0.0977412834763527 0.0974297970533371 0.0967430248856544 0.0959540829062462 0.0940534472465515 0.0923885256052017 0.09171012789011 0.0914760306477547 0.0921799018979073 0.0926186889410019 0.0927334949374199 0.0925854668021202 0.0922459959983826 0.0923489704728127 0.0926351770758629 0.0924723520874977 0.0922212526202202 0.0921452566981316 0.0919424295425415 0.0904371589422226 0.08895593136549 0.08755923807621 0.0863925367593765 0.0856529399752617 0.0851542204618454 0.0849179327487946 0.0850028842687607
0.0903308838605881 0.0890596285462379 0.0879061669111252 0.0874363631010056 0.0871609896421432 0.0878196805715561 0.0886618345975876 0.0918759703636169 0.094797819852829 0.0962328538298607 0.0972185730934143 0.0971193760633469 0.0970344766974449 0.0969691947102547 0.097052313387394 0.0972568616271019 0.0974823161959648 0.097717672586441 0.097461462020874 0.0970878005027771 0.0964599996805191 0.0957642644643784 0.0943339243531227 0.0930529236793518 0.0923969373106956 0.092179924249649 0.0928896144032478 0.0929597541689873 0.0922482162714005 0.0919312164187431 0.0919015854597092 0.0918622985482216 0.0918190106749535 0.0909401625394821 0.089897058904171 0.088607482612133 0.0873254537582397 0.08620635420084 0.0851353108882904 0.0842332020401955 0.0834584459662437 0.082920216023922 0.082476519048214 0.0821358263492584 0.0823365747928619
