Ecospace-environmental-drivers/Outputs/ASCII-for-ecospace/MOM6-ISIMIP3a/phyc-vint/2008-10_phyc-vint_MOM6-ISIMIP3a.asc
NCOLS 131 
NROWS 53 
XLLCORNER -98 
YLLCORNER 23.9265270233154 
CELLSIZE 0.133587792515755 
NODATA_value -9999 
[rows 20 to 39 of 53, columns 45 to 89 of 131]
0.122549273073673 0.123286068439484 0.124085783958435 0.126840308308601 0.130150780081749 0.126335307955742 0.122022390365601 0.123971879482269 0.125528231263161 0.125084817409515 0.1237453520298 0.120242312550545 0.118021667003632 0.11756157130003 0.115482419729233 0.112078599631786 0.10983107984066 0.108131267130375 0.105625905096531 0.102928057312965 0.101212121546268 0.0995843559503555 0.0982581079006195 0.0969541668891907 0.0957435742020607 0.094433918595314 0.0929151549935341 0.0915325880050659 0.090316504240036 0.089321956038475 0.0884887725114822 0.0878379419445992 0.0872626304626465 0.086253896355629 0.085159957408905 0.083851121366024 0.0825658738613129 0.0815887898206711 0.0805591344833374 0.0793446004390717 0.0780278295278549 0.0765211954712868 0.0751651674509048 0.073973223567009 0.0728335008025169
0.11515848338604 0.115416973829269 0.115791201591492 0.117763862013817 0.120191104710102 0.122165746986866 0.124082960188389 0.125700369477272 0.126835346221924 0.125516310334206 0.123502589762211 0.119811505079269 0.116662874817848 0.114258959889412 0.111334212124348 0.107983335852623 0.105961583554745 0.104569412767887 0.102320574223995 0.0998670533299446 0.0983186140656471 0.0968932658433914 0.0963544249534607 0.0957451090216637 0.0948408097028732 0.0937895253300667 0.0924279391765594 0.0910994634032249 0.0898114517331123 0.0887460112571716 0.08784269541502 0.0872688144445419 0.0868313536047935 0.085955947637558 0.0849944427609444 0.0839094072580338 0.0828323066234589 0.0818773880600929 0.0808138623833656 0.0793684870004654 0.0778825581073761 0.0763213336467743 0.0749378204345703 0.0737479329109192 0.0726238340139389
0.105376243591309 0.105671405792236 0.106231056153774 0.107911452651024 0.10991058498621 0.111707232892513 0.113474629819393 0.115011870861053 0.116315245628357 0.11642899364233 0.11604567617178 0.114462122321129 0.112977355718613 0.111628204584122 0.109729796648026 0.107381999492645 0.105235755443573 0.103184975683689 0.100542336702347 0.0977582857012749 0.096579410135746 0.0955521464347839 0.0951264575123787 0.0946316570043564 0.0938476547598839 0.0928395837545395 0.0913584977388382 0.089954786002636 0.0886456519365311 0.0875651761889458 0.0866512507200241 0.0862090736627579 0.0859622582793236 0.0852935984730721 0.0845420137047768 0.0837077870965004 0.0828602164983749 0.0819121524691582 0.0808900892734528 0.0796078443527222 0.0782545134425163 0.0767691880464554 0.0753297135233879 0.0739401951432228 0.07270348072052
0.0958082154393196 0.0961727499961853 0.0969443991780281 0.0983635932207108 0.0999669507145882 0.101144500076771 0.102289624512196 0.103735983371735 0.10521174967289 0.10683710873127 0.10816066712141 0.108755491673946 0.109080046415329 0.109033547341824 0.108310915529728 0.107035078108311 0.104763805866241 0.102021016180515 0.0989688858389854 0.0958428382873535 0.0950249210000038 0.0943824872374535 0.0939861908555031 0.0935292169451714 0.0928183495998383 0.0918221175670624 0.0902234762907028 0.0887502580881119 0.0874303355813026 0.0863494127988815 0.0854425653815269 0.0851390659809113 0.0850854367017746 0.0846262946724892 0.0840874463319778 0.0834971889853477 0.0828728005290031 0.0819335207343102 0.0809604898095131 0.0798688158392906 0.0786727964878082 0.0772830098867416 0.0757988095283508 0.0742117390036583 0.0728563591837883
0.0928105041384697 0.0931304544210434 0.0937772318720818 0.0948262140154839 0.0959895923733711 0.0968452021479607 0.0976705476641655 0.0985294878482819 0.0994949415326118 0.101002246141434 0.102369219064713 0.103397354483604 0.104641370475292 0.106181748211384 0.106724500656128 0.106451027095318 0.104490675032139 0.101731285452843 0.0988361835479736 0.0959086567163467 0.0950531885027885 0.0943285003304482 0.0934354513883591 0.0924870893359184 0.0913072302937508 0.090078204870224 0.0887453928589821 0.0874612778425217 0.0862366929650307 0.0853251963853836 0.0846417546272278 0.0845224633812904 0.084636814892292 0.0843398123979568 0.0839619487524033 0.0834684818983078 0.0829352959990501 0.08205596357584 0.081161342561245 0.0802129656076431 0.0791990235447884 0.0780633017420769 0.0767559483647346 0.075261577963829 0.0738504230976105
0.0902497172355652 0.0904051139950752 0.0908267498016357 0.0915096178650856 0.0922667756676674 0.0928136333823204 0.0933382734656334 0.0938443467020988 0.0944896340370178 0.095843069255352 0.0972005128860474 0.0985676199197769 0.10053163766861 0.103315129876137 0.104947812855244 0.105638936161995 0.104033276438713 0.101339682936668 0.0986255630850792 0.0959065333008766 0.0949800238013268 0.094144381582737 0.0928389877080917 0.0914892107248306 0.0899536609649658 0.088533416390419 0.0873565822839737 0.0862023234367371 0.0850756540894508 0.0843025371432304 0.0837869420647621 0.0837776884436607 0.0839781388640404 0.0837899744510651 0.0835254266858101 0.0830741301178932 0.0825810506939888 0.0817473530769348 0.0809206888079643 0.0801187232136726 0.0793050155043602 0.0784694850444794 0.0774133577942848 0.0761168673634529 0.0747480839490891
0.0896047502756119 0.0890695825219154 0.0888264179229736 0.0891610607504845 0.0896600335836411 0.0899559929966927 0.0902635529637337 0.0914452075958252 0.0926040187478065 0.0936465933918953 0.0947623401880264 0.096054770052433 0.0978642329573631 0.100383520126343 0.102336779236794 0.103826940059662 0.102767914533615 0.100501388311386 0.0980732440948486 0.0956064835190773 0.0944621339440346 0.0933897271752357 0.0920420363545418 0.0906853377819061 0.0892908945679665 0.0878617167472839 0.0863591879606247 0.0850749760866165 0.0840575993061066 0.0832867100834846 0.0826953649520874 0.0824709087610245 0.0823984071612358 0.0820854231715202 0.0817251726984978 0.081076592206955 0.0803995430469513 0.079548716545105 0.0787441581487656 0.0781022533774376 0.0775684267282486 0.0772353187203407 0.0767565593123436 0.076119102537632 0.0752230733633041
0.0895704254508018 0.088489830493927 0.0876024141907692 0.0874085128307343 0.0874118506908417 0.0874645486474037 0.0875777825713158 0.0891889855265617 0.0906966030597687 0.0916772708296776 0.0927161276340485 0.0938954949378967 0.0954536348581314 0.0975317880511284 0.0995220318436623 0.101440332829952 0.100735038518906 0.0987870097160339 0.0966032519936562 0.0943631827831268 0.0931598320603371 0.0920233279466629 0.090823195874691 0.089603066444397 0.0882992297410965 0.0868735909461975 0.0851908102631569 0.083788275718689 0.0827282592654228 0.0818786174058914 0.0811822116374969 0.0807044953107834 0.0803173407912254 0.0798151791095734 0.079290397465229 0.0785075426101685 0.0777156352996826 0.0769286304712296 0.0762180015444756 0.0757759287953377 0.075514480471611 0.0755884721875191 0.075604721903801 0.075558066368103 0.0751883760094643
0.0908684283494949 0.0895590707659721 0.0880722403526306 0.0869563668966293 0.0859459936618805 0.0857720822095871 0.0857406556606293 0.0872445851564407 0.0887416154146194 0.0902035683393478 0.0915251225233078 0.0925076529383659 0.0936033353209496 0.0948543548583984 0.0962627828121185 0.0977999940514565 0.0970275700092316 0.0951611325144768 0.0931310281157494 0.0910618230700493 0.0901460349559784 0.0893222242593765 0.0886838510632515 0.0879133567214012 0.086589939892292 0.0851950719952583 0.0836493745446205 0.0821538865566254 0.0807197540998459 0.079614669084549 0.0787492543458939 0.0779352113604546 0.0771424472332001 0.0763106495141983 0.0754711776971817 0.0746915340423584 0.0739355459809303 0.0733889862895012 0.0729290246963501 0.0727735608816147 0.0727680996060371 0.0730412155389786 0.0733727887272835 0.0737680643796921 0.0740416273474693
0.0913795977830887 0.0900660157203674 0.0883964225649834 0.0867203548550606 0.0850424468517303 0.0845276117324829 0.0841890126466751 0.0853939950466156 0.0866933688521385 0.0884728729724884 0.0899883359670639 0.0908662378787994 0.0916990041732788 0.0924697890877724 0.0934388935565948 0.0945702493190765 0.0938043966889381 0.0921398773789406 0.0902921557426453 0.088400661945343 0.0877451226115227 0.087187223136425 0.0868145674467087 0.0862291976809502 0.084753580391407 0.0832426026463509 0.0816569626331329 0.0800618529319763 0.0784551575779915 0.0772112607955933 0.0762316063046455 0.0752760618925095 0.0743304938077927 0.0734369456768036 0.0725536271929741 0.0718750953674316 0.0712287127971649 0.0708222612738609 0.0704887509346008 0.0704116821289062 0.0704614743590355 0.0707468613982201 0.0712020918726921 0.0718423649668694 0.0725639462471008
0.0909008532762527 0.089865542948246 0.0885373651981354 0.0867562517523766 0.0848463252186775 0.083846777677536 0.0829965397715569 0.0836614444851875 0.0845277830958366 0.0864188447594643 0.0880165323615074 0.0889058187603951 0.0897267088294029 0.0904536843299866 0.0911627188324928 0.0918570756912231 0.0911905020475388 0.0898792818188667 0.0882500931620598 0.0865449234843254 0.0861152857542038 0.0857644379138947 0.0852850526571274 0.0845520123839378 0.082757368683815 0.0809454843401909 0.0790971890091896 0.0773940756917 0.0758683905005455 0.0746323987841606 0.0736074149608612 0.0727554485201836 0.0719751343131065 0.0713568702340126 0.0707704573869705 0.0703162029385567 0.0698721185326576 0.0694795548915863 0.0691162049770355 0.0688555836677551 0.0687080919742584 0.0687706768512726 0.0691084116697311 0.0697459504008293 0.070669949054718
0.0894149765372276 0.0888441354036331 0.0879593566060066 0.086355485022068 0.0845471024513245 0.0832583233714104 0.0820726826786995 0.0822355970740318 0.0826365128159523 0.0842481181025505 0.0856913626194 0.0867280811071396 0.0877134874463081 0.0886284336447716 0.0892945751547813 0.0897571444511414 0.0893036499619484 0.0884162411093712 0.0869462043046951 0.0853369608521461 0.0849585011601448 0.084636814892292 0.0839108154177666 0.0829604417085648 0.0810710117220879 0.0791991576552391 0.077364407479763 0.0757444202899933 0.0743869319558144 0.0732630267739296 0.072309248149395 0.0715930089354515 0.0709751397371292 0.070509098470211 0.0700729042291641 0.0696651116013527 0.0692553445696831 0.0688160583376884 0.0683807209134102 0.0679592564702034 0.067636750638485 0.067498005926609 0.0676093399524689 0.0679931193590164 0.0687801465392113
0.087173730134964 0.087207019329071 0.0868421271443367 0.0856272131204605 0.0841705575585365 0.0827391520142555 0.0813502743840218 0.0810397788882256 0.0809509754180908 0.0819898545742035 0.0831011682748795 0.0843873545527458 0.0856695771217346 0.0869463384151459 0.0877324566245079 0.0881171375513077 0.0879620835185051 0.0875513702630997 0.0861959606409073 0.0846148207783699 0.0841565132141113 0.0837305784225464 0.0826530382037163 0.081433080136776 0.0796170458197594 0.0778659358620644 0.0762518644332886 0.0748583748936653 0.0737344771623611 0.0728007704019547 0.072005607187748 0.0714491978287697 0.0709916651248932 0.0705855712294579 0.070189580321312 0.0696948692202568 0.0691934376955032 0.0686619877815247 0.0681230500340462 0.067557767033577 0.0670769438147545 0.0667529925704002 0.0665562078356743 0.0664979889988899 0.066893495619297
0.0839146822690964 0.0846616923809052 0.0849146768450737 0.0842310264706612 0.0832809805870056 0.0819420143961906 0.0805890485644341 0.079932875931263 0.0794916823506355 0.0801441073417664 0.0810401663184166 0.0825245156884193 0.0839418098330498 0.0852670297026634 0.086183987557888 0.0867669135332108 0.0868905037641525 0.0867965295910835 0.0855044275522232 0.0839260518550873 0.083270363509655 0.0826406553387642 0.0814665034413338 0.0802045091986656 0.0785749182105064 0.0770289972424507 0.0756596997380257 0.0744959339499474 0.0735833793878555 0.0728756859898567 0.0723172277212143 0.0718858912587166 0.0715072005987167 0.0710608959197998 0.0706013068556786 0.0699791461229324 0.0693656876683235 0.0688960626721382 0.0683840289711952 0.0677228644490242 0.0671361163258553 0.0666875839233398 0.0662916079163551 0.065952904522419 0.0659676715731621
0.0802194327116013 0.0817271247506142 0.0826399922370911 0.0825485736131668 0.0821715369820595 0.0810257494449615 0.0798111855983734 0.0788640677928925 0.0781293585896492 0.078475147485733 0.0792059674859047 0.0808664932847023 0.0823495388031006 0.0835889279842377 0.0846413746476173 0.0855408683419228 0.0859346315264702 0.0860888361930847 0.0848380625247955 0.0832515805959702 0.082348145544529 0.0814720243215561 0.0803104937076569 0.0791039913892746 0.0777092948555946 0.0764047503471375 0.0752905532717705 0.0743579044938087 0.0736471489071846 0.0731808245182037 0.072892539203167 0.072571374475956 0.0722365900874138 0.0717071741819382 0.0711394920945168 0.070372499525547 0.0696382969617844 0.0692964941263199 0.0688672959804535 0.0681307911872864 0.0674605667591095 0.066913440823555 0.0663649588823318 0.0658149868249893 0.0654536411166191
0.0766202658414841 0.0786636099219322 0.0800988972187042 0.0804805979132652 0.0805626735091209 0.0797725766897202 0.0788854956626892 0.077790193259716 0.0768870264291763 0.0769611746072769 0.0775929018855095 0.0795709490776062 0.0812999308109283 0.0826869755983353 0.0838785469532013 0.0849101841449738 0.0853900238871574 0.0856084898114204 0.0843623429536819 0.0827662497758865 0.0816846787929535 0.080633357167244 0.0795078799128532 0.0783245489001274 0.0768990963697433 0.0756565406918526 0.0748001039028168 0.0741417780518532 0.0737255811691284 0.0733802020549774 0.0730863958597183 0.0726778954267502 0.0722218975424767 0.0716813653707504 0.0711242109537125 0.0706188082695007 0.0701455622911453 0.0699677020311356 0.0697037726640701 0.0691371932625771 0.068567767739296 0.0679930672049522 0.0673495307564735 0.0666310042142868 0.0659568160772324
0.0730409845709801 0.0755734220147133 0.0775026753544807 0.0783328637480736 0.0788504704833031 0.0784496888518333 0.077929213643074 0.076715275645256 0.0756695121526718 0.0754792764782906 0.07602559030056 0.0783504024147987 0.0803625956177711 0.081945613026619 0.0832770615816116 0.0844026729464531 0.0849305093288422 0.0851751789450645 0.0839260742068291 0.0823200568556786 0.0810747519135475 0.0798629596829414 0.0787783861160278 0.077611543238163 0.0761003717780113 0.0748826861381531 0.074284553527832 0.0739094913005829 0.0738070532679558 0.0735576972365379 0.0732013359665871 0.0726646408438683 0.0720532536506653 0.0715165063738823 0.0709944292902946 0.0708346962928772 0.0707013756036758 0.0706949308514595 0.0706133246421814 0.070267416536808 0.0698369219899178 0.069249339401722 0.0685226395726204 0.0676443800330162 0.0666704475879669
0.0709896609187126 0.0736343711614609 0.0758543387055397 0.0767024755477905 0.0771604627370834 0.0771323516964912 0.0770157426595688 0.0758530050516129 0.0748465433716774 0.0746350213885307 0.0751896500587463 0.077594205737114 0.0796234011650085 0.0811372697353363 0.0824035778641701 0.0834673494100571 0.0840079635381699 0.0843007639050484 0.0832404494285583 0.0818568244576454 0.0805488228797913 0.0792454853653908 0.0779343917965889 0.0766043141484261 0.0751947909593582 0.074205607175827 0.0741037949919701 0.0740022957324982 0.0739011764526367 0.0735065340995789 0.0728981047868729 0.0721647143363953 0.0713795647025108 0.0710591897368431 0.0708301812410355 0.0709410160779953 0.0710561200976372 0.071090042591095 0.0710647031664848 0.0708309561014175 0.0705213695764542 0.0700709298253059 0.0694595575332642 0.0686728432774544 0.0677320882678032
0.0690856724977493 0.0718145594000816 0.0742956772446632 0.0751426443457603 0.0755248516798019 0.0758480504155159 0.0761151164770126 0.0750298723578453 0.0740897282958031 0.0738877356052399 0.0744613781571388 0.0769078508019447 0.0789182558655739 0.080329991877079 0.0815078616142273 0.082494392991066 0.0830380618572235 0.0833719745278358 0.0825173035264015 0.0813786536455154 0.0800417885184288 0.0786805301904678 0.0771624594926834 0.0756951197981834 0.0744400843977928 0.0736985206604004 0.0740409046411514 0.0741589441895485 0.0740027874708176 0.0734281241893768 0.0725486353039742 0.0716515779495239 0.0707472562789917 0.0706532076001167 0.0707184374332428 0.0710459277033806 0.0713532716035843 0.0713688880205154 0.0713387578725815 0.0711477771401405 0.0709107741713524 0.0705882906913757 0.0701098367571831 0.0694614499807358 0.0686203464865685
0.0680234208703041 0.0707168206572533 0.0732408314943314 0.0740882903337479 0.0744589418172836 0.0749134793877602 0.0753311887383461 0.0745226144790649 0.0738501772284508 0.0738702416419983 0.0745323300361633 0.0767446607351303 0.0784816741943359 0.0795661509037018 0.0805048793554306 0.0813243612647057 0.0817842856049538 0.0820738896727562 0.0815131291747093 0.0807491838932037 0.0796961337327957 0.0786029025912285 0.0772139504551888 0.0759721100330353 0.0753459110856056 0.0749585330486298 0.0750753134489059 0.07484120875597 0.0741782560944557 0.0731683224439621 0.0719056650996208 0.07123002409935 0.0707974806427956 0.0709343776106834 0.0711832046508789 0.0711882561445236 0.071132093667984 0.0705660581588745 0.0699401274323463 0.0691035911440849 0.0684323310852051 0.0680679902434349 0.0678153112530708 0.0676842927932739 0.0674929916858673
