Ecospace-environmental-drivers/Outputs/ASCII-for-ecospace/MOM6-ISIMIP3a/phyc-vint/2008-06_phyc-vint_MOM6-ISIMIP3a.asc
NCOLS 131 
NROWS 53 
XLLCORNER -98 
YLLCORNER 23.9265270233154 
CELLSIZE 0.133587792515755 
NODATA_value -9999 
[rows 0 to 19 of 53, columns 45 to 89 of 131]
-9999 -9999 -9999 -9999 -9999 -9999 -9999 -9999 -9999 -9999 -9999 -9999 -9999 -9999 -9999 -9999 -9999 -9999 -9999 -9999 -9999 -9999 -9999 -9999 -9999 -9999 -9999 -9999 -9999 -9999 -9999 -9999 -9999 -9999 -9999 -9999 -9999 -9999 -9999 -9999 -9999 -9999 -9999 -9999 -9999
-9999 -9999 -9999 -9999 -9999 -9999 -9999 -9999 -9999 -9999 -9999 -9999 -9999 -9999 -9999 -9999 -9999 -9999 -9999 -9999 -9999 -9999 -9999 -9999 -9999 -9999 -9999 -9999 -9999 -9999 -9999 -9999 -9999 -9999 -9999 -9999 -9999 -9999 -9999 -9999 -9999 -9999 -9999 -9999 -9999
-9999 -9999 -9999 -9999 -9999 -9999 -9999 -9999 -9999 -9999 -9999 -9999 -9999 -9999 -9999 -9999 -9999 -9999 -9999 -9999 -9999 -9999 -9999 -9999 -9999 -9999 -9999 -9999 -9999 0.137854382395744 0.136676147580147 -9999 -9999 -9999 -9999 -9999 -9999 -9999 -9999 -9999 -9999 -9999 -9999 -9999 -9999
-9999 -9999 -9999 -9999 -9999 -9999 -9999 -9999 -9999 -9999 -9999 -9999 -9999 -9999 -9999 -9999 -9999 -9999 -9999 -9999 -9999 -9999 -9999 -9999 -9999 -9999 -9999 -9999 -9999 0.137909099459648 0.136832103133202 -9999 -9999 -9999 -9999 -9999 -9999 -9999 -9999 -9999 -9999 -9999 -9999 -9999 -9999
-9999 -9999 -9999 -9999 -9999 -9999 -9999 -9999 -9999 -9999 -9999 -9999 -9999 -9999 -9999 -9999 -9999 -9999 -9999 -9999 0.148605346679688 0.148202762007713 0.147880688309669 0.14600196480751 0.14442951977253 0.141931176185608 0.140420332551003 0.139633119106293 0.138849914073944 0.137982815504074 0.136894568800926 0.135618939995766 -9999 -9999 0.12440899759531 0.117559157311916 0.111512884497643 0.108094789087772 0.109251841902733 0.111304841935635 0.110326170921326 0.101478308439255 0.08356674015522 0.0626261010766029 -9999
-9999 -9999 -9999 -9999 -9999 -9999 -9999 -9999 -9999 -9999 -9999 -9999 -9999 -9999 -9999 -9999 0.150446534156799 -9999 0.14997099339962 0.149575039744377 0.148969635367393 0.148605346679688 0.148122236132622 0.147880688309669 0.144123241305351 0.141284614801407 0.140385657548904 0.139590740203857 0.138922959566116 0.138036027550697 0.136989444494247 0.135658234357834 0.134209156036377 0.13017737865448 0.125637918710709 0.117411702871323 0.109627850353718 0.107499107718468 0.107157401740551 0.113099008798599 0.113658122718334 0.104221381247044 0.0865554139018059 0.0599234327673912 0.041399460285902
-9999 -9999 -9999 -9999 -9999 -9999 -9999 -9999 -9999 -9999 -9999 -9999 0.148646086454391 0.148707017302513 0.14881631731987 0.14927726984024 0.150170624256134 0.150493428111076 0.150399625301361 0.149938300251961 0.149575039744377 0.148728504776955 0.148605346679688 0.147880688309669 0.144123241305351 0.141284614801407 0.140385657548904 0.139590740203857 0.138922959566116 0.138036027550697 0.136989444494247 0.135658234357834 0.134209156036377 0.13017737865448 0.125637918710709 0.117411702871323 0.109627850353718 0.107499107718468 0.107157401740551 0.113099008798599 0.113658122718334 0.104221381247044 0.0865554139018059 0.0599234327673912 0.041399460285902
-9999 -9999 -9999 -9999 -9999 -9999 -9999 -9999 -9999 -9999 -9999 -9999 0.148319393396378 0.148646086454391 0.148767948150635 -9999 0.150028958916664 0.150896191596985 0.150587245821953 0.150399625301361 0.149840220808983 0.149575039744377 0.148005142807961 0.145358607172966 0.138206273317337 0.13577027618885 0.143290847539902 0.14695206284523 0.145896330475807 0.144538879394531 0.142961651086807 0.140670210123062 0.138082981109619 0.138269126415253 0.139000460505486 0.129622653126717 0.120486572384834 0.117368951439857 0.115522839128971 0.118147373199463 0.116952233016491 0.108663529157639 0.0939465910196304 0.0722258612513542 0.0646552518010139
0.146225184202194 -9999 -9999 -9999 -9999 -9999 -9999 -9999 -9999 -9999 -9999 -9999 -9999 -9999 -9999 -9999 0.149568751454353 0.151628285646439 0.152297034859657 0.150774866342545 0.150399625301361 0.149546012282372 0.146857589483261 0.142593920230865 0.131737649440765 0.129694491624832 0.146256491541862 0.154767796397209 0.15343950688839 0.151629492640495 0.149468600749969 0.146143287420273 0.142335742712021 0.146932303905487 0.153180941939354 0.142727345228195 0.132297471165657 0.128141671419144 0.124681740999222 0.123668514192104 0.120580226182938 0.113638333976269 0.102185510098934 0.0858178734779358 0.0898037999868393
0.14640437066555 0.146504387259483 0.146494850516319 -9999 -9999 -9999 -9999 -9999 -9999 -9999 -9999 -9999 0.142923474311829 0.147984519600868 -9999 -9999 -9999 0.150926619768143 0.154824659228325 0.154559403657913 0.151150092482567 0.15095354616642 0.146812304854393 0.141108885407448 0.128867596387863 0.125362485647202 0.140300124883652 0.150221064686775 0.154010534286499 0.154136121273041 0.151593014597893 0.148358196020126 0.144836932420731 0.144452348351479 0.144684359431267 0.140083953738213 0.135457366704941 0.1323232203722 0.129213750362396 0.126190945506096 0.123115286231041 0.11994145065546 0.111324496567249 0.0967770665884018 0.0914430320262909
0.14652344584465 0.146536335349083 0.146453365683556 0.146447241306305 -9999 -9999 -9999 -9999 -9999 -9999 -9999 -9999 0.140130862593651 0.142238780856133 0.147984519600868 -9999 -9999 0.149621039628983 0.154512718319893 0.160340219736099 0.156394332647324 0.151676580309868 0.145496919751167 0.138068601489067 0.125414490699768 0.121422380208969 0.135716453194618 0.147037521004677 0.154724925756454 0.156263932585716 0.153324544429779 0.150074362754822 0.146695464849472 0.142193406820297 0.137470543384552 0.137761041522026 0.137987792491913 0.135778188705444 0.133046239614487 0.128477737307549 0.125537782907486 0.12562221288681 0.119711942970753 0.107270210981369 0.0932371839880943
0.146532714366913 0.146536335349083 0.146453365683556 0.146434992551804 0.144931316375732 0.143874704837799 -9999 -9999 -9999 -9999 -9999 -9999 -9999 0.139046937227249 0.142100304365158 0.147984519600868 0.148646086454391 0.149621039628983 0.154512718319893 0.160340219736099 0.155086547136307 0.148728042840958 0.137368962168694 0.126686200499535 0.118833929300308 0.119584314525127 0.138495594263077 0.151165887713432 0.156208410859108 0.156359851360321 0.152948722243309 0.14911524951458 0.145106881856918 0.141119927167892 0.137137174606323 0.137157127261162 0.137141972780228 0.135335862636566 0.133126735687256 0.129500567913055 0.127356499433517 0.127964809536934 0.124068289995193 0.115263566374779 0.0958622694015503
0.145459145307541 0.145666629076004 0.145698547363281 0.145102187991142 0.144327163696289 0.143860891461372 -9999 -9999 -9999 -9999 0.143067181110382 0.141587257385254 0.139912500977516 0.137970298528671 0.139258027076721 0.143188402056694 0.14562925696373 0.147364541888237 0.151668295264244 0.156585738062859 0.151491180062294 0.145117104053497 0.130131050944328 0.118173986673355 0.118893548846245 0.125344395637512 0.143894463777542 0.154855862259865 0.156542360782623 0.154979541897774 0.151049956679344 0.146919280290604 0.142705336213112 0.139347553253174 0.13615807890892 0.135707825422287 0.135282903909683 0.134114384651184 0.132726207375526 0.130565673112869 0.129347294569016 0.12987856566906 0.1275804489851 0.122199580073357 0.101983353495598
0.141678482294083 0.142622575163841 0.143056616187096 0.143611386418343 0.144200503826141 0.143860891461372 0.143436059355736 0.143277317285538 0.143175899982452 0.143366098403931 0.143067181110382 0.141587257385254 0.139912500977516 0.137970298528671 0.135624036192894 0.132947191596031 0.135070160031319 0.13946670293808 0.141712680459023 0.143444821238518 0.142176702618599 0.13985013961792 0.125118345022202 0.116837404668331 0.135553956031799 0.150100246071815 0.155842766165733 0.157449796795845 0.154002442955971 0.149908572435379 0.145343780517578 0.141631096601486 0.138271287083626 0.135827884078026 0.133564621210098 0.132145062088966 0.130890697240829 0.130944952368736 0.131123036146164 0.131736427545547 0.13176828622818 0.130720198154449 0.128982096910477 0.126492202281952 0.116844601929188
0.136962190270424 0.140130653977394 0.143025308847427 0.141996085643768 0.139850899577141 0.140138208866119 0.140644714236259 0.140346854925156 0.140064835548401 0.13986337184906 0.138754844665527 0.135456144809723 0.132665455341339 0.130572214722633 0.128592520952225 0.12670573592186 0.130873441696167 0.137909039855003 0.13970872759819 0.140257388353348 0.140439406037331 0.139950573444366 0.130064383149147 0.126383289694786 0.148671060800552 0.163111373782158 0.160985082387924 0.157244846224785 0.151532024145126 0.146409094333649 0.141715839505196 0.138134703040123 0.13501413166523 0.13246014714241 0.130017548799515 0.127572894096375 0.125433683395386 0.126279085874557 0.127520576119423 0.130154818296432 0.131458431482315 0.130290925502777 0.129320338368416 0.128564313054085 0.125690415501595
0.130923137068748 0.13841937482357 0.146684929728508 0.140204727649689 0.12953083217144 0.131152331829071 0.13390688598156 0.133273273706436 0.132555320858955 0.131408423185349 0.128345653414726 0.120656758546829 0.115172408521175 0.112714603543282 0.116757549345493 0.126119241118431 0.135671988129616 0.145315244793892 0.148946985602379 0.151142373681068 0.149414852261543 0.147639498114586 0.14909029006958 0.151314973831177 0.156778544187546 0.159517601132393 0.156505018472672 0.15308278799057 0.149159878492355 0.145131424069405 0.141026124358177 0.137171566486359 0.1334208548069 0.129307240247726 0.125122278928757 0.121573649346828 0.118471227586269 0.119497485458851 0.121091529726982 0.124681897461414 0.127287656068802 0.128064841032028 0.128155127167702 0.127497002482414 0.126031488180161
0.12712225317955 0.134866565465927 0.143599316477776 0.132814213633537 0.116478204727173 0.114253282546997 0.113462217152119 0.112386301159859 0.112225085496902 0.11671681702137 0.117690280079842 0.110168524086475 0.104845881462097 0.102542333304882 0.110429659485817 0.126654878258705 0.137880176305771 0.14673712849617 0.150677606463432 0.153443366289139 0.152542799711227 0.151753798127174 0.156254798173904 0.159428685903549 0.157048463821411 0.154481843113899 0.151521757245064 0.148613631725311 0.145769000053406 0.142215698957443 0.138146221637726 0.133868768811226 0.129505187273026 0.124709963798523 0.119829893112183 0.116252295672894 0.113150365650654 0.114223964512348 0.115891553461552 0.119647659361362 0.122990563511848 0.125566124916077 0.127022325992584 0.127258941531181 0.126868784427643
0.1252062022686 0.129762962460518 0.134833440184593 0.120708525180817 0.101124435663223 0.0906903967261314 0.0814747363328934 0.0798668265342712 0.0810982808470726 0.0967731922864914 0.106827616691589 0.103310786187649 0.100554414093494 0.0988420471549034 0.108739398419857 0.128135487437248 0.137906983494759 0.143119499087334 0.146085903048515 0.148515626788139 0.150746420025826 0.152857840061188 0.153430625796318 0.153379663825035 0.150718197226524 0.148231744766235 0.146114751696587 0.143885865807533 0.141520246863365 0.137920528650284 0.133421927690506 0.128595694899559 0.123633779585361 0.118896372616291 0.114203095436096 0.111501812934875 0.109211936593056 0.110220417380333 0.111726611852646 0.114982835948467 0.118587128818035 0.122837819159031 0.125916823744774 0.127719208598137 0.128123924136162
0.127073764801025 0.128604739904404 0.130427867174149 0.121086165308952 0.108569197356701 0.0932459831237793 0.078169159591198 0.0774998068809509 0.0788533985614777 0.0904975011944771 0.098206028342247 0.0964117124676704 0.09733597189188 0.10199248790741 0.111968353390694 0.126296371221542 0.132949233055115 0.135966554284096 0.137963712215424 0.139717116951942 0.142390847206116 0.144895777106285 0.144023790955544 0.142856776714325 0.14045512676239 0.138215973973274 0.136319890618324 0.134385377168655 0.132403880357742 0.128889515995979 0.124258615076542 0.119437336921692 0.114537216722965 0.11069693416357 0.107064992189407 0.105949886143208 0.105194509029388 0.107042737305164 0.109226398169994 0.112589463591576 0.116722278296947 0.122284598648548 0.126204192638397 0.128333985805511 0.12927533686161
0.130792930722237 0.129377260804176 0.128156095743179 0.127572789788246 0.127170890569687 0.108583174645901 0.088899664580822 0.0898884981870651 0.0907424837350845 0.0909104943275452 0.0906811654567719 0.0894924104213715 0.0946426466107368 0.108495466411114 0.117604628205299 0.122832648456097 0.12555219233036 0.127083525061607 0.12811379134655 0.129024356603622 0.130825370550156 0.132497042417526 0.131395578384399 0.130144536495209 0.12826743721962 0.126357391476631 0.124377764761448 0.122549258172512 0.120905451476574 0.117540895938873 0.112922973930836 0.108377635478973 0.103862352669239 0.101329930126667 0.0991872996091843 0.100005760788918 0.101138420403004 0.104269221425056 0.107540853321552 0.111307673156261 0.116099737584591 0.122795797884464 0.127173215150833 0.129024386405945 0.13037596642971
