Ecospace-environmental-drivers/Outputs/ASCII-for-ecospace/MOM6-ISIMIP3a/phyc-vint/2009-08_phyc-vint_MOM6-ISIMIP3a.asc
NCOLS 131 
NROWS 53 
XLLCORNER -98 
YLLCORNER 23.9265270233154 
CELLSIZE 0.133587792515755 
NODATA_value -9999 
[rows 20 to 39 of 53, columns 0 to 44 of 131]
-9999 -9999 -9999 -9999 -9999 -9999 -9999 -9999 0.0682071819901466 0.0710292384028435 0.0730253383517265 0.0718357339501381 0.0723646432161331 0.0703966319561005 0.0703861564397812 0.0726343840360641 0.0828303545713425 0.0984843894839287 0.0972096621990204 0.0893981158733368 0.0942342802882195 0.101302370429039 0.102725826203823 0.103495292365551 0.0998448953032494 0.0962723568081856 0.0929523110389709 0.0897819921374321 0.0868729874491692 0.0913930460810661 0.103557467460632 0.107890784740448 0.10745345801115 0.107484057545662 0.107670642435551 0.107110977172852 0.106441795825958 0.104887090623379 0.103331923484802 0.101773843169212 0.100417532026768 0.0996229201555252 0.100216217339039 0.102954469621181 0.103609502315521
-9999 -9999 -9999 -9999 -9999 -9999 0.0745743215084076 0.0735499411821365 0.0714732185006142 0.0682071819901466 0.0718552023172379 0.0730253383517265 0.070117212831974 0.0614547319710255 0.0631802082061768 0.076891764998436 0.0915286019444466 0.106800876557827 0.107307553291321 0.102112680673599 0.0982909947633743 0.0947116389870644 0.104450531303883 0.113191470503807 0.111186034977436 0.109043255448341 0.106455154716969 0.103743344545364 0.100815646350384 0.0984110459685326 0.0965447053313255 0.0951849669218063 0.0941338539123535 0.0934286862611771 0.0928388386964798 0.0916957631707191 0.0904781445860863 0.0895265266299248 0.0885525718331337 0.0874364003539085 0.0864219516515732 0.0856907069683075 0.0879906117916107 0.0949749797582626 0.097681425511837
-9999 -9999 -9999 -9999 -9999 -9999 0.0747410729527473 0.0745743215084076 0.0725255534052849 0.070585809648037 0.0682071819901466 0.0743330866098404 0.0787169635295868 0.0796538665890694 0.0823366418480873 0.0870338901877403 0.0966437011957169 0.109627194702625 0.110192321240902 0.105962261557579 0.102177187800407 0.098470650613308 0.104879133403301 0.110672481358051 0.109494090080261 0.108184777200222 0.106450982391834 0.104631222784519 0.102661445736885 0.100729860365391 0.0988375842571259 0.0975421965122223 0.0966104343533516 0.0956808999180794 0.0947521030902863 0.0939559787511826 0.0931743532419205 0.0918585136532784 0.0905745550990105 0.0894935503602028 0.0885461494326591 0.0879706665873528 0.0890497416257858 0.092685841023922 0.0939855799078941
-9999 -9999 -9999 -9999 0.0838073715567589 0.0778980255126953 0.0748962759971619 0.074752613902092 0.0745743215084076 0.0704767853021622 0.0690849423408508 0.0780493393540382 0.0877160131931305 0.098772294819355 0.102316975593567 0.0971944481134415 0.101172812283039 0.111401155591011 0.111807025969028 0.108420088887215 0.105441719293594 0.102535456418991 0.104889266192913 0.107047758996487 0.106618851423264 0.106086798012257 0.105220288038254 0.104317061603069 0.103349737823009 0.102416194975376 0.101517416536808 0.100699700415134 0.0999313667416573 0.0988348498940468 0.0976289361715317 0.097197487950325 0.0968629792332649 0.0951265171170235 0.0934756547212601 0.0923699215054512 0.0914386510848999 0.0909930095076561 0.0906858518719673 0.0905927047133446 0.0903035849332809
-9999 -9999 -9999 -9999 0.0972193405032158 0.0852158591151237 0.0808997675776482 0.0748962759971619 0.0747872516512871 0.0733997151255608 0.0738701522350311 0.0814521014690399 0.0895346254110336 0.0986076295375824 0.102428488433361 0.100189186632633 0.100580751895905 0.102779060602188 0.101620398461819 0.0991654917597771 0.0986645966768265 0.0985085219144821 0.0996395498514175 0.100683018565178 0.100762084126472 0.1008365675807 0.100896209478378 0.100763075053692 0.100293524563313 0.0996310487389565 0.0987700596451759 0.0979417711496353 0.0971334129571915 0.0961677432060242 0.0951496437191963 0.0941943228244781 0.0932411476969719 0.0913810208439827 0.0895558446645737 0.0879532173275948 0.0865467041730881 0.0856861397624016 0.084979459643364 0.0845106244087219 0.0840165466070175
-9999 -9999 -9999 -9999 -9999 0.0972193405032158 0.0878480672836304 0.0869032591581345 0.0770480930805206 0.078965462744236 0.0816751718521118 0.0874176025390625 0.093335896730423 0.0996021926403046 0.10269883275032 0.102138191461563 0.0992982462048531 0.0948930010199547 0.0924249812960625 0.0907049924135208 0.0920086652040482 0.0938459262251854 0.0939662009477615 0.0940915644168854 0.0945725589990616 0.0951315611600876 0.0959434658288956 0.096471332013607 0.0965035036206245 0.0961672589182854 0.0954519286751747 0.0946765169501305 0.0938645005226135 0.0930122807621956 0.0921466574072838 0.090812124311924 0.0894095972180367 0.087564192712307 0.0857166275382042 0.0838553160429001 0.0822013542056084 0.0811245664954185 0.0802426934242249 0.079662024974823 0.0791382938623428
-9999 -9999 -9999 -9999 -9999 0.0950012803077698 0.0972193405032158 0.0923733860254288 0.0882884562015533 0.0961192399263382 0.102721244096756 0.104619979858398 0.105830602347851 0.105679638683796 0.103665642440319 0.0995020046830177 0.0949883162975311 0.0902342274785042 0.0875757187604904 0.0857263952493668 0.0858841687440872 0.0863961279392242 0.0864353850483894 0.0865059867501259 0.0869240090250969 0.0874324813485146 0.0882342159748077 0.0889446884393692 0.0894959047436714 0.0897278115153313 0.089631162583828 0.0891867950558662 0.0885305851697922 0.0877154842019081 0.0868474245071411 0.0857679918408394 0.0846585333347321 0.0834345892071724 0.0822307989001274 0.0811553224921227 0.0802526473999023 0.0798309743404388 0.0797574445605278 0.0802219286561012 0.0804371312260628
-9999 -9999 0.0908013582229614 0.0911416485905647 0.0913111567497253 0.092780590057373 0.0950039029121399 0.0964564830064774 0.0985703319311142 0.108914859592915 0.116959154605865 0.116199113428593 0.113928772509098 0.108669966459274 0.102679654955864 0.0958453044295311 0.0902492627501488 0.0855036154389381 0.0828653872013092 0.0810409113764763 0.0803726091980934 0.0799083411693573 0.0798944681882858 0.0799329355359077 0.0803253874182701 0.0808094367384911 0.0815904811024666 0.0824133083224297 0.0833090618252754 0.0839470773935318 0.0843198895454407 0.0841833874583244 0.0837366133928299 0.0830527320504189 0.082289807498455 0.0814787670969963 0.0806620493531227 0.079980380833149 0.0793630927801132 0.0791557729244232 0.0790596678853035 0.0792731642723083 0.0796936526894569 0.0804340094327927 0.0806912332773209
-9999.000000000000000 -9999 -9999 -9999 0.0893331840634346 0.0898417308926582 0.0884873196482658 0.0975132808089256 0.106760948896408 0.112201623618603 0.116342648863792 0.115509144961834 0.112434349954128 0.104924656450748 0.0974329486489296 0.0899619832634926 0.0845739170908928 0.0806162729859352 0.0784581750631332 0.0769949480891228 0.0761984139680862 0.0755195245146751 0.0755133703351021 0.0755690783262253 0.0760175436735153 0.0765341222286224 0.0772715508937836 0.0780534669756889 0.0789129957556725 0.0796035453677177 0.0801202282309532 0.0802410468459129 0.0801207199692726 0.0797733515501022 0.0793503150343895 0.078836627304554 0.078311949968338 0.0779997706413269 0.0778440237045288 0.078684464097023 0.0795155763626099 0.080320730805397 0.0805494114756584 0.0798871964216232 0.0786658823490143
-9999 -9999 -9999 -9999 0.0870053321123123 0.0853772386908531 0.0851253718137741 0.0983410254120827 0.111441247165203 0.114875376224518 0.117257237434387 0.115611471235752 0.111326634883881 0.101819835603237 0.0931214615702629 0.0853558778762817 0.0802828073501587 0.077058807015419 0.0754162296652794 0.0743843019008636 0.0736053586006165 0.072871059179306 0.0727747678756714 0.0727415531873703 0.0731175392866135 0.0735529288649559 0.0741809383034706 0.0748592913150787 0.0756254717707634 0.0762984380125999 0.0768754854798317 0.0771670565009117 0.0772847160696983 0.077232263982296 0.0771231129765511 0.0768834948539734 0.0766306295990944 0.077043429017067 0.0775751546025276 0.0788642764091492 0.0799839571118355 0.0806319415569305 0.0804531648755074 0.0789966583251953 0.077147588133812
-9999 -9999 -9999 -9999 0.0855871289968491 0.0857970267534256 0.0860561951994896 0.0988805890083313 0.111705273389816 0.116777904331684 0.120098069310188 0.116710558533669 0.110705435276031 0.0995208024978638 0.0899865552783012 0.0823566019535065 0.0777331665158272 0.075174443423748 0.0740919038653374 0.073579378426075 0.073001503944397 0.0724120885133743 0.0721025615930557 0.0718468651175499 0.0719886943697929 0.0721998289227486 0.072635643184185 0.0731316208839417 0.0737325921654701 0.0742997452616692 0.0748321115970612 0.075185514986515 0.0754298940300941 0.0756200104951859 0.0757920369505882 0.0757971778512001 0.0757907032966614 0.0773756802082062 0.0788791179656982 0.0798632577061653 0.0804680362343788 0.0800167694687843 0.0791592001914978 0.0776737034320831 0.0762672200798988
-9999 -9999 -9999 -9999 0.0857970267534256 0.0861107558012009 0.0864790380001068 0.0945641174912453 0.103015944361687 0.110778518021107 0.116527453064919 0.114569075405598 0.109361313283443 0.0977239310741425 0.0879322364926338 0.0802701637148857 0.075963981449604 0.073962427675724 0.073300302028656 0.0731553807854652 0.0728144273161888 0.0724388808012009 0.072070449590683 0.0717342793941498 0.0716656893491745 0.0716725364327431 0.071924015879631 0.0722610279917717 0.0727473050355911 0.0732337087392807 0.0737202316522598 0.0741029009222984 0.074422299861908 0.07475196570158 0.0750850513577461 0.0753115564584732 0.0755382925271988 0.0778449550271034 0.0798742696642876 0.0801373049616814 0.0801154002547264 0.0793002843856812 0.0783081203699112 0.0770423114299774 0.0759518668055534
-9999 -9999 -9999 -9999 0.086128942668438 0.0864790380001068 0.0846912860870361 0.0866055637598038 0.0876115188002586 0.0988526120781898 0.10814817994833 0.109997130930424 0.107474990189075 0.0963036864995956 0.0866883546113968 0.0788683742284775 0.0747801437973976 0.073254682123661 0.0729082524776459 0.0730170905590057 0.0729399546980858 0.0728299990296364 0.0725184231996536 0.0722082927823067 0.0719470605254173 0.0717646181583405 0.0718376561999321 0.0720332562923431 0.0724427253007889 0.0728671550750732 0.0733069851994514 0.0736944973468781 0.0740501433610916 0.074442096054554 0.0748461484909058 0.0752764716744423 0.0757265388965607 0.078416995704174 0.0806377902626991 0.0798676386475563 0.0791352167725563 0.0785078257322311 0.0777892023324966 0.0769295990467072 0.0760602727532387
-9999 -9999 -9999 -9999 0.0864790380001068 0.0774286910891533 0.0740175768733025 0.0711164325475693 0.074068583548069 0.0918962433934212 0.105786323547363 0.104605048894882 0.101227320730686 0.093503437936306 0.0858824253082275 0.0783801004290581 0.0745529010891914 0.0732495710253716 0.0728946924209595 0.0729060396552086 0.0730016008019447 0.0731120333075523 0.0730428025126457 0.0729558914899826 0.0727544650435448 0.0725840851664543 0.0725143700838089 0.0725807771086693 0.0728847086429596 0.0732210874557495 0.0735908597707748 0.0739357322454453 0.0742654427886009 0.0746989846229553 0.0751671344041824 0.0757814198732376 0.076430544257164 0.0791148915886879 0.0812364891171455 0.0797743275761604 0.0785637870430946 0.0780537351965904 0.0775318667292595 0.0769917443394661 0.0762505233287811
-9999 -9999 -9999 -9999 -9999 0.0663198530673981 0.0645268708467484 0.0643307268619537 0.0613234415650368 0.0870697051286697 0.106003396213055 0.0988614708185196 0.093110479414463 0.0901117548346519 0.085264191031456 0.0782833471894264 0.074735626578331 0.0735455900430679 0.0730433389544487 0.0728066563606262 0.0730358734726906 0.073347307741642 0.0735999271273613 0.0738207548856735 0.0737873166799545 0.0737152844667435 0.0735181197524071 0.0734605714678764 0.0736466497182846 0.0738838016986847 0.0741735175251961 0.0744553953409195 0.0747325047850609 0.075198769569397 0.0757280811667442 0.0765178129076958 0.0773555785417557 0.0798667222261429 0.0817645490169525 0.0797565877437592 0.0781675428152084 0.0777446627616882 0.0773866325616837 0.0771288201212883 0.0764758661389351
-9999 -9999 -9999 -9999 -9999 0.0609345398843288 0.0604151152074337 0.0581334494054317 0.0601010210812092 0.085999421775341 0.104655086994171 0.0955886170268059 0.0892477482557297 0.0883000418543816 0.0849499553442001 0.078827902674675 0.0755061134696007 0.0741073936223984 0.0733337551355362 0.0728014782071114 0.0729396119713783 0.0731960460543633 0.0734286084771156 0.0736559703946114 0.0738443285226822 0.0739924013614655 0.0740098655223846 0.0740970447659492 0.074305884540081 0.074517622590065 0.0747323408722878 0.0749684050679207 0.0752174779772758 0.0757315680384636 0.0763339996337891 0.0772330611944199 0.0781821087002754 0.0803805887699127 0.0819901451468468 0.0798492878675461 0.0781034529209137 0.0774572417140007 0.076997697353363 0.0768266469240189 0.0761473104357719
-9999 -9999 -9999 -9999 -9999 0.0580983124673367 0.0578616335988045 0.0587811656296253 0.0612626671791077 0.0857063159346581 0.102982886135578 0.0928269699215889 0.0862651988863945 0.0868152305483818 0.0846986249089241 0.0795051455497742 0.0763982012867928 0.0747241899371147 0.0736535042524338 0.0728157833218575 0.0728163346648216 0.0729648098349571 0.0731065794825554 0.0732781589031219 0.0736994445323944 0.0740928128361702 0.0743956714868546 0.0746831744909286 0.0749438777565956 0.0751454681158066 0.0752862393856049 0.075480043888092 0.0757061541080475 0.0762711986899376 0.07694923132658 0.0779439359903336 0.078988254070282 0.0808452144265175 0.0821531638503075 0.0799648389220238 0.0781080797314644 0.0771742984652519 0.0765583515167236 0.0764335915446281 0.0757041573524475
-9999 -9999 -9999 -9999 -9999 -9999 0.0560181848704815 0.0566702894866467 0.0584864616394043 0.0819879621267319 0.0987489745020866 0.0897102653980255 0.0843904316425323 0.0864292085170746 0.0853986740112305 0.0808266326785088 0.0777890831232071 0.0758053511381149 0.0744643881917 0.0733716115355492 0.0731678456068039 0.0731209591031075 0.0730800703167915 0.0730771273374557 0.0733892992138863 0.0737071558833122 0.0740434527397156 0.0743374153971672 0.0745574906468391 0.0748282968997955 0.0751513093709946 0.0755373239517212 0.0759617239236832 0.0765641629695892 0.0772259384393692 0.0781335830688477 0.0790794715285301 0.0806180238723755 0.081692636013031 0.0798127204179764 0.0781082808971405 0.0768923163414001 0.0759686753153801 0.0754968002438545 0.0747307986021042
-9999 -9999 -9999 -9999 -9999 -9999 0.0534878745675087 0.0526030957698822 0.0555379986763 0.078066311776638 0.094343788921833 0.0866957008838654 0.0827807113528252 0.0862524658441544 0.086237870156765 0.0822005569934845 0.0792029276490211 0.0769192799925804 0.0753166154026985 0.0739768967032433 0.0735588073730469 0.0733033642172813 0.0730781182646751 0.0728980228304863 0.073088638484478 0.0733171328902245 0.07366843521595 0.0739561095833778 0.0741327479481697 0.0744549110531807 0.0749268159270287 0.0754909887909889 0.0761113613843918 0.0767660737037659 0.0774322375655174 0.0782623812556267 0.0791178941726685 0.0803501158952713 0.0812030434608459 0.0796404704451561 0.0781027674674988 0.0766343325376511 0.0754168331623077 0.0745871514081955 0.0737835988402367
-9999 -9999 -9999 -9999 -9999 -9999 0.0521672144532204 0.0511902421712875 0.052633062005043 0.0736122354865074 0.0893353000283241 0.0849402472376823 0.0834690257906914 0.0877832472324371 0.0881069228053093 0.0838261544704437 0.0806233957409859 0.0781609490513802 0.0763752907514572 0.074850969016552 0.0741437897086143 0.0735808089375496 0.0731969922780991 0.0728684738278389 0.0729681178927422 0.0731126442551613 0.0734026953577995 0.0736407712101936 0.0737881660461426 0.0739332735538483 0.0740760341286659 0.0745563507080078 0.0752422958612442 0.0761146768927574 0.077049195766449 0.0779910609126091 0.0789346620440483 0.0799783244729042 0.0807012170553207 0.0793813392519951 0.0780385285615921 0.0766318961977959 0.0753403753042221 0.0742267370223999 0.0733686983585358
