Ecospace-environmental-drivers/Outputs/ASCII-for-ecospace/MOM6-ISIMIP3a/phyc-vint/2009-07_phyc-vint_MOM6-ISIMIP3a.asc
NCOLS 131 
NROWS 53 
XLLCORNER -98 
YLLCORNER 23.9265270233154 
CELLSIZE 0.133587792515755 
NODATA_value -9999 
[rows 20 to 39 of 53, columns 45 to 89 of 131]
0.111160047352314 0.110560856759548 0.110381916165352 0.111322581768036 0.11258165538311 0.106757946312428 0.100465394556522 0.101088181138039 0.101443387567997 0.100437439978123 0.0987463220953941 0.095400795340538 0.0952972397208214 0.0996444672346115 0.101374946534634 0.100964464247227 0.0996335446834564 0.0978666394948959 0.0953203737735748 0.0925878956913948 0.0900755152106285 0.0876391232013702 0.0860884860157967 0.0847526416182518 0.0843157321214676 0.0846151262521744 0.0864688977599144 0.0908147096633911 0.0982062965631485 0.105197854340076 0.111898027360439 0.116037294268608 0.119116000831127 0.119776993989944 0.119962722063065 0.120428495109081 0.120961539447308 0.122050397098064 0.123163148760796 0.124359928071499 0.124698057770729 0.123441599309444 0.122569136321545 0.122115038335323 0.121504537761211
0.106450334191322 0.105228304862976 0.104358226060867 0.103432588279247 0.102491155266762 0.102372422814369 0.10231876373291 0.101748540997505 0.101291462779045 0.101409912109375 0.100924246013165 0.0989799126982689 0.0975104570388794 0.0966929495334625 0.0965826734900475 0.0970510318875313 0.0962832793593407 0.094930000603199 0.0927776992321014 0.0904344767332077 0.0883489921689034 0.0863190591335297 0.0848398879170418 0.0835363790392876 0.0829679742455482 0.0829215571284294 0.0839770659804344 0.0876544266939163 0.094536229968071 0.102262087166309 0.110602736473083 0.115406036376953 0.118744395673275 0.120088383555412 0.12104032933712 0.121938310563564 0.12285278737545 0.123947881162167 0.124949470162392 0.125622287392616 0.125358879566193 0.123356819152832 0.122063390910625 0.121542036533356 0.121115356683731
0.101585246622562 0.100474260747433 0.0994985476136208 0.0987252220511436 0.0980094522237778 0.097752757370472 0.0975355505943298 0.0971158146858215 0.0967586413025856 0.0967196896672249 0.0962880998849869 0.0949084460735321 0.0937605574727058 0.0929308533668518 0.0926175341010094 0.0927267000079155 0.0920504331588745 0.0910021215677261 0.0894628688693047 0.0878063216805458 0.0864080116152763 0.0850489810109138 0.0840035006403923 0.0830721855163574 0.0826186761260033 0.0824972614645958 0.0830769017338753 0.0856249630451202 0.0905788540840149 0.0974614694714546 0.105748943984509 0.111414089798927 0.115993238985538 0.11845938116312 0.120510168373585 0.121785946190357 0.122989147901535 0.12376369535923 0.124292433261871 0.123956896364689 0.122976221144199 0.120797455310822 0.11969742923975 0.119772732257843 0.120063073933125
0.09693593531847 0.0959963425993919 0.0949778333306313 0.0944621190428734 0.0940893962979317 0.0932614877820015 0.0924111679196358 0.0922136902809143 0.0920030325651169 0.0917252972722054 0.091271661221981 0.0903932750225067 0.0896910205483437 0.089230589568615 0.0888391956686974 0.0885042995214462 0.0878744721412659 0.0871049463748932 0.0861715972423553 0.0851991102099419 0.0844797194004059 0.0837846323847771 0.0831901282072067 0.082648754119873 0.0823297575116158 0.0821620374917984 0.0823136642575264 0.0837365314364433 0.086713120341301 0.0925986394286156 0.100602976977825 0.107075370848179 0.112913340330124 0.116498574614525 0.119640968739986 0.121295601129532 0.122788235545158 0.123236492276192 0.123294949531555 0.121982879936695 0.120335660874844 0.118066042661667 0.117228448390961 0.117951095104218 0.118999026715755
0.0960443168878555 0.0953405052423477 0.0945728197693825 0.093489982187748 0.092317521572113 0.0911861509084702 0.090081512928009 0.089585155248642 0.0891321823000908 0.0888999477028847 0.0886297971010208 0.0882680788636208 0.0879167318344116 0.087579607963562 0.0870934724807739 0.0864854231476784 0.0857574939727783 0.0849727764725685 0.0842491611838341 0.0835401490330696 0.0830331519246101 0.0825512930750847 0.0822332799434662 0.081943154335022 0.0817697048187256 0.0816854238510132 0.0817893967032433 0.0827396884560585 0.0847243443131447 0.089076429605484 0.0951528996229172 0.101280607283115 0.107429541647434 0.11152558773756 0.115218080580235 0.117338106036186 0.119249485433102 0.119691535830498 0.119781337678432 0.118632614612579 0.117302864789963 0.115636944770813 0.115420870482922 0.11678446829319 0.118582397699356
0.0949442312121391 0.0943065658211708 0.0936098545789719 0.0920069217681885 0.0901462659239769 0.0887250900268555 0.0873733162879944 0.0866807103157043 0.086081251502037 0.0859556198120117 0.0858868360519409 0.0859552919864655 0.0859287083148956 0.0857716575264931 0.0853341072797775 0.0846670642495155 0.0839922726154327 0.0833138152956963 0.0828477293252945 0.0824323892593384 0.0821639895439148 0.0819160863757133 0.081819549202919 0.0817380771040916 0.0817196518182755 0.0817284509539604 0.0817947313189507 0.082322008907795 0.0834127143025398 0.0863327085971832 0.0905851200222969 0.0961526706814766 0.102264873683453 0.106690376996994 0.110784314572811 0.113346487283707 0.11566212028265 0.116123497486115 0.116290234029293 0.115421034395695 0.114476211369038 0.11339095979929 0.113741979002953 0.115657858550549 0.118143849074841
0.0929300561547279 0.091614730656147 0.0902004539966583 0.0882835909724236 0.0862237885594368 0.0845727175474167 0.0830052867531776 0.082566499710083 0.0822407007217407 0.0824896246194839 0.082700602710247 0.0828199312090874 0.0830035507678986 0.0832754522562027 0.0835149437189102 0.0837279334664345 0.0837694481015205 0.0837297365069389 0.0837307646870613 0.0837415233254433 0.0838266164064407 0.083903543651104 0.0837872251868248 0.0837276875972748 0.0839058235287666 0.0840499326586723 0.0841221883893013 0.0844438001513481 0.0850701630115509 0.0870024487376213 0.0898859426379204 0.0939485728740692 0.0984995290637016 0.102459296584129 0.106302849948406 0.109205268323421 0.111861579120159 0.11245422065258 0.112897850573063 0.112817540764809 0.112553417682648 0.111947931349277 0.112627357244492 0.114706732332706 0.117609195411205
0.09049953520298 0.0887398645281792 0.0868557244539261 0.0848634913563728 0.0828405022621155 0.081340990960598 0.0799415335059166 0.0797968879342079 0.0797834768891335 0.0804376676678658 0.0809533521533012 0.0811346024274826 0.0814093872904778 0.0818125978112221 0.0823363214731216 0.0829586610198021 0.0833611041307449 0.0836593955755234 0.0839017927646637 0.0841308385133743 0.0844245031476021 0.0847039222717285 0.0847114399075508 0.08480254560709 0.0852434560656548 0.0855953693389893 0.0857594236731529 0.0859598591923714 0.0862047672271729 0.0872635394334793 0.08891511708498 0.0916334390640259 0.0947935283184052 0.0982085093855858 0.101673603057861 0.104829795658588 0.107764407992363 0.108646221458912 0.10946149379015 0.110042795538902 0.110382586717606 0.110273852944374 0.111258409917355 0.11343415081501 0.116644188761711
0.087160587310791 0.085465632379055 0.0836521089076996 0.0821049958467484 0.0806336477398872 0.0801179707050323 0.0797235146164894 0.0799609795212746 0.0803444981575012 0.0814709141850471 0.0823457390069962 0.0826130285859108 0.0827192589640617 0.082604356110096 0.0825552567839622 0.0825600102543831 0.0825480222702026 0.0825280994176865 0.0825193449854851 0.0825132504105568 0.0826992765069008 0.0829142853617668 0.0833590105175972 0.0838815420866013 0.0847296789288521 0.0854476094245911 0.0858906805515289 0.0861543044447899 0.0861985832452774 0.0866330116987228 0.0873516127467155 0.0890760272741318 0.0912169814109802 0.0939147248864174 0.0967219173908234 0.099943220615387 0.103020034730434 0.104535557329655 0.105929218232632 0.10689440369606 0.107670560479164 0.108095660805702 0.109334595501423 0.111460223793983 0.114740237593651
0.0847942903637886 0.0833223909139633 0.0817329958081245 0.0806017965078354 0.0796009078621864 0.0797050893306732 0.0799285098910332 0.0803173035383224 0.0808545053005219 0.0821466818451881 0.0831583514809608 0.083492673933506 0.0834420919418335 0.0828630775213242 0.0823678821325302 0.081941269338131 0.0817532613873482 0.0816782787442207 0.0815381184220314 0.0813823938369751 0.081381656229496 0.0814196914434433 0.0818670839071274 0.0823851525783539 0.0831989943981171 0.0839677602052689 0.0846413746476173 0.0850599855184555 0.0851669386029243 0.0853592529892921 0.0856137350201607 0.0866322740912437 0.0879672393202782 0.0900690406560898 0.0923215821385384 0.0955264046788216 0.0986414179205894 0.100534595549107 0.102276533842087 0.103486694395542 0.104664698243141 0.105783000588417 0.107423976063728 0.109634429216385 0.112832233309746
0.0836516916751862 0.0826020389795303 0.0814298838376999 0.0806778520345688 0.0800453051924706 0.0803114473819733 0.0806657001376152 0.0809154510498047 0.0813003480434418 0.082372710108757 0.0832415521144867 0.0836189910769463 0.0834263861179352 0.082451194524765 0.0816693305969238 0.0810456350445747 0.0809815600514412 0.0811825692653656 0.0810616835951805 0.080863893032074 0.0805768445134163 0.0802963003516197 0.080199658870697 0.08016487210989 0.0803889706730843 0.0808120444417 0.0816551893949509 0.0823443084955215 0.0828451737761497 0.083276242017746 0.0836564749479294 0.0843315050005913 0.085128627717495 0.0867870971560478 0.0886148884892464 0.0917005762457848 0.0947229415178299 0.0966716557741165 0.0984723791480064 0.099752739071846 0.101289175450802 0.103301160037518 0.105529956519604 0.107994988560677 0.110919132828712
0.0828404948115349 0.0820531770586967 0.0811641290783882 0.0808462351560593 0.0806907787919044 0.0809894949197769 0.0813287571072578 0.0815077647566795 0.0817499458789825 0.0823134928941727 0.0828088372945786 0.0831395164132118 0.0829260498285294 0.0819655507802963 0.0812274962663651 0.0806714370846748 0.080630898475647 0.0808345526456833 0.0807884410023689 0.0806826502084732 0.0803618133068085 0.0800264403223991 0.0796944499015808 0.0793969258666039 0.0792436450719833 0.0793209746479988 0.0798851549625397 0.080466240644455 0.0810679793357849 0.0816269889473915 0.0821548625826836 0.082630917429924 0.0830854997038841 0.0843300595879555 0.0857299193739891 0.0885113030672073 0.0912635177373886 0.0932310074567795 0.0951115861535072 0.0966866016387939 0.0985962003469467 0.10112714022398 0.103813707828522 0.106669843196869 0.109394378960133
0.082277849316597 0.081632949411869 0.0809263959527016 0.0810838639736176 0.0814870595932007 0.0817213132977486 0.0819362252950668 0.082095704972744 0.0822023674845695 0.0820403471589088 0.0819891840219498 0.0822056904435158 0.082062229514122 0.0814245790243149 0.080978199839592 0.0806883201003075 0.0805960223078728 0.0805973187088966 0.0806676000356674 0.0807543694972992 0.0805891305208206 0.0803967267274857 0.0800609141588211 0.0797182396054268 0.0793468654155731 0.0790784135460854 0.0790272429585457 0.0792163833975792 0.0796992182731628 0.0803030505776405 0.0809950083494186 0.0813804641366005 0.0816389843821526 0.0824917182326317 0.0834612473845482 0.0857994556427002 0.0881483927369118 0.0901070758700371 0.0920833274722099 0.0941213443875313 0.0964151471853256 0.0991839841008186 0.102230779826641 0.105580419301987 0.108160898089409
0.0822594240307808 0.081740491092205 0.0811196938157082 0.0813141986727715 0.0817405804991722 0.0820027813315392 0.082252062857151 0.0826062858104706 0.082788497209549 0.0820957645773888 0.081514872610569 0.0812040418386459 0.0809148848056793 0.0806554704904556 0.0805059298872948 0.0804462805390358 0.0804507359862328 0.0804855674505234 0.0805798396468163 0.0806883201003075 0.0804685577750206 0.0802175030112267 0.0798391327261925 0.0794673338532448 0.0791230350732803 0.0788387358188629 0.0786811038851738 0.0787249654531479 0.0790151059627533 0.0794771239161491 0.0800643190741539 0.0803739801049232 0.0805687010288239 0.0811187326908112 0.0817386135458946 0.0836624950170517 0.0856514647603035 0.0878046303987503 0.0899868160486221 0.09227105230093 0.0946595966815948 0.0972418338060379 0.100289843976498 0.103845328092575 0.106546796858311
0.0824742242693901 0.0820742174983025 0.0814977139234543 0.0815414041280746 0.0817614793777466 0.0820912346243858 0.0824429243803024 0.0830837041139603 0.0834319368004799 0.0822919979691505 0.0811885744333267 0.0801733285188675 0.0796460211277008 0.0797885879874229 0.0799380913376808 0.0800932645797729 0.0802581384778023 0.0804275944828987 0.080506257712841 0.0805632174015045 0.0801988914608955 0.0798027813434601 0.0793652459979057 0.0789711847901344 0.0787590369582176 0.0786002948880196 0.0785542875528336 0.0785586088895798 0.078624427318573 0.0788646265864372 0.0792318508028984 0.0794720575213432 0.0796596482396126 0.0799451991915703 0.0802500024437904 0.0817719176411629 0.0834194868803024 0.08585424721241 0.0882896333932877 0.090727187693119 0.0930863991379738 0.0953001156449318 0.0981954783201218 0.101833507418633 0.104769580066204
0.0826517641544342 0.0824268609285355 0.0820490419864655 0.0818542540073395 0.0817115232348442 0.0818965882062912 0.0821399763226509 0.0830521658062935 0.083631843328476 0.082520104944706 0.0813021585345268 0.0798277780413628 0.0791590213775635 0.0795962810516357 0.0799494758248329 0.0802338793873787 0.0804208368062973 0.080561637878418 0.0804773047566414 0.0803391858935356 0.0798929631710052 0.0794319957494736 0.0790645107626915 0.0787368193268776 0.0785757079720497 0.0784503445029259 0.0784004554152489 0.0784025117754936 0.0784680619835854 0.0786270648241043 0.078854151070118 0.0790028125047684 0.0791190043091774 0.0792245268821716 0.0793279558420181 0.0804889872670174 0.0818170607089996 0.0843943282961845 0.0869420319795609 0.0893858000636101 0.0916043967008591 0.0934048220515251 0.0960553139448166 0.0996319949626923 0.10283001512289
0.0828215926885605 0.0827834233641624 0.082636222243309 0.0821848213672638 0.0816469117999077 0.0816433727741241 0.0817348584532738 0.0829153209924698 0.0837399885058403 0.0827548056840897 0.081506758928299 0.0796239823102951 0.078833781182766 0.0795435532927513 0.0800807029008865 0.0804766267538071 0.0806570500135422 0.08073540776968 0.0804575979709625 0.080094687640667 0.0795795321464539 0.0790703073143959 0.0787995904684067 0.078556627035141 0.0784297585487366 0.0783187076449394 0.0782410278916359 0.0782485380768776 0.0783601775765419 0.0784670785069466 0.0785705372691154 0.0786231011152267 0.0786545798182487 0.0785975530743599 0.0785231366753578 0.0793317779898643 0.0803448855876923 0.0830358788371086 0.0856667682528496 0.0880863070487976 0.0901412665843964 0.0915191322565079 0.0939056873321533 0.097391240298748 0.100856862962246
0.0828636661171913 0.082919605076313 0.0829137116670609 0.0823157206177711 0.0815493315458298 0.0814616605639458 0.0814904570579529 0.0827878564596176 0.0837554186582565 0.0830451399087906 0.0819915235042572 0.0801089033484459 0.0793274790048599 0.0800578594207764 0.0805016607046127 0.0807109922170639 0.0806536301970482 0.0804699435830116 0.0800885260105133 0.0796598643064499 0.0790396183729172 0.0784328803420067 0.0782143026590347 0.0780347362160683 0.0780184715986252 0.0779569521546364 0.0777999013662338 0.0776884108781815 0.0776326060295105 0.0776679441332817 0.0777696818113327 0.0779487788677216 0.0781599208712578 0.0781913101673126 0.0781873762607574 0.0786198675632477 0.0792507454752922 0.081661693751812 0.084090493619442 0.0865820944309235 0.088626928627491 0.0898420736193657 0.0919360667467117 0.0949875861406326 0.0982872471213341
0.0828848108649254 0.0830223113298416 0.0831343606114388 0.0824061706662178 0.0814390107989311 0.0812886133790016 0.0812737643718719 0.0826611593365669 0.0837490409612656 0.0833133086562157 0.0824684053659439 0.0806355029344559 0.079872764647007 0.0805792212486267 0.0809056758880615 0.0809212401509285 0.0806314945220947 0.0801971331238747 0.079715721309185 0.079223059117794 0.0784996300935745 0.0777969285845757 0.0776266679167747 0.0775076076388359 0.0776027962565422 0.0775924026966095 0.0773591175675392 0.0771293565630913 0.0769039019942284 0.0768636167049408 0.0769582018256187 0.0772582814097404 0.0776434540748596 0.0777849182486534 0.0778784677386284 0.0779473260045052 0.0782042890787125 0.080307736992836 0.0825014263391495 0.0850124508142471 0.0870089828968048 0.088050052523613 0.0898350104689598 0.0924304500222206 0.0955218300223351
0.082743726670742 0.0828732848167419 0.0828965827822685 0.082160510122776 0.0812084600329399 0.0811737775802612 0.0812759548425674 0.0825382024049759 0.0835543423891068 0.0833185464143753 0.0827273055911064 0.0812777951359749 0.0805772468447685 0.0809049233794212 0.0809905454516411 0.0808781236410141 0.0805241018533707 0.0800556465983391 0.0794698372483253 0.0788559839129448 0.0780670121312141 0.0773084312677383 0.0771671682596207 0.0770877301692963 0.0772670060396194 0.0773078724741936 0.0770565271377563 0.0767757967114449 0.0764591619372368 0.0763091519474983 0.0762805193662643 0.0765358880162239 0.0769088715314865 0.0772714614868164 0.0776320099830627 0.0774820894002914 0.077485978603363 0.079177089035511 0.0809195786714554 0.0828427001833916 0.0843103229999542 0.0849320292472839 0.0862458869814873 0.0883138477802277 0.0909526497125626
