Ecospace-environmental-drivers/Outputs/ASCII-for-ecospace/MOM6-ISIMIP3a/phyc-vint/2010-06_phyc-vint_MOM6-ISIMIP3a.asc
NCOLS 131 
NROWS 53 
XLLCORNER -98 
YLLCORNER 23.9265270233154 
CELLSIZE 0.133587792515755 
NODATA_value -9999 
[rows 0 to 19 of 53, columns 45 to 89 of 131]
-9999 -9999 -9999 -9999 -9999 -9999 -9999 -9999 -9999 -9999 -9999 -9999 -9999 -9999 -9999 -9999 -9999 -9999 -9999 -9999 -9999 -9999 -9999 -9999 -9999 -9999 -9999 -9999 -9999 -9999 -9999 -9999 -9999 -9999 -9999 -9999 -9999 -9999 -9999 -9999 -9999 -9999 -9999 -9999 -9999
-9999 -9999 -9999 -9999 -9999 -9999 -9999 -9999 -9999 -9999 -9999 -9999 -9999 -9999 -9999 -9999 -9999 -9999 -9999 -9999 -9999 -9999 -9999 -9999 -9999 -9999 -9999 -9999 -9999 -9999 -9999 -9999 -9999 -9999 -9999 -9999 -9999 -9999 -9999 -9999 -9999 -9999 -9999 -9999 -9999
-9999 -9999 -9999 -9999 -9999 -9999 -9999 -9999 -9999 -9999 -9999 -9999 -9999 -9999 -9999 -9999 -9999 -9999 -9999 -9999 -9999 -9999 -9999 -9999 -9999 -9999 -9999 -9999 -9999 0.133201330900192 0.132771775126457 -9999 -9999 -9999 -9999 -9999 -9999 -9999 -9999 -9999 -9999 -9999 -9999 -9999 -9999
-9999 -9999 -9999 -9999 -9999 -9999 -9999 -9999 -9999 -9999 -9999 -9999 -9999 -9999 -9999 -9999 -9999 -9999 -9999 -9999 -9999 -9999 -9999 -9999 -9999 -9999 -9999 -9999 -9999 0.13317896425724 0.133009448647499 -9999 -9999 -9999 -9999 -9999 -9999 -9999 -9999 -9999 -9999 -9999 -9999 -9999 -9999
-9999 -9999 -9999 -9999 -9999 -9999 -9999 -9999 -9999 -9999 -9999 -9999 -9999 -9999 -9999 -9999 -9999 -9999 -9999 -9999 0.145677596330643 0.145220637321472 0.144855082035065 0.14272266626358 0.140806317329407 0.137429729104042 0.135034173727036 0.133781120181084 0.133262202143669 0.133203387260437 0.133071303367615 0.132753640413284 -9999 -9999 0.117047287523746 0.104746453464031 0.0938604921102524 0.0891636461019516 0.096494659781456 0.109038963913918 0.120061092078686 0.119211323559284 0.104598365724087 0.082851953804493 -9999
-9999 -9999 -9999 -9999 -9999 -9999 -9999 -9999 -9999 -9999 -9999 -9999 -9999 -9999 -9999 -9999 0.154613807797432 -9999 0.15060231089592 0.147262707352638 0.146393910050392 0.145677596330643 0.14512924849987 0.144855082035065 0.140590250492096 0.136973604559898 0.134725317358971 0.133403614163399 0.133214429020882 0.133168578147888 0.133227154612541 0.132818177342415 0.132215574383736 0.126633495092392 0.120072588324547 0.10443577170372 0.0897310078144073 0.0874146893620491 0.0903452411293983 0.111724048852921 0.125047594308853 0.123411625623703 0.109174743294716 0.0812087282538414 0.0581723935902119
-9999 -9999 -9999 -9999 -9999 -9999 -9999 -9999 -9999 -9999 -9999 -9999 0.158209502696991 0.158823594450951 0.159750446677208 0.163481399416924 0.161458149552345 0.155055493116379 0.154172137379646 0.150372087955475 0.147262707352638 0.146241426467896 0.145677596330643 0.144855082035065 0.140590250492096 0.136973604559898 0.134725317358971 0.133403614163399 0.133214429020882 0.133168578147888 0.133227154612541 0.132818177342415 0.132215574383736 0.126633495092392 0.120072588324547 0.10443577170372 0.0897310078144073 0.0874146893620491 0.0903452411293983 0.111724048852921 0.125047594308853 0.123411625623703 0.109174743294716 0.0812087282538414 0.0581723935902119
-9999 -9999 -9999 -9999 -9999 -9999 -9999 -9999 -9999 -9999 -9999 -9999 0.154916986823082 0.158209502696991 0.159437701106071 -9999 0.169402375817299 0.167056575417519 0.15593883395195 0.154172137379646 0.149681434035301 0.147262707352638 0.145783975720406 0.143005728721619 0.134788900613785 0.131171196699142 0.137262627482414 0.140517324209213 0.140304952859879 0.140341401100159 0.140559121966362 0.139449968934059 0.137791305780411 0.137307867407799 0.137055426836014 0.123899608850479 0.111491233110428 0.111052513122559 0.112930946052074 0.122956581413746 0.128736674785614 0.126632317900658 0.115048855543137 0.0931375846266747 0.0835615769028664
0.141093447804451 -9999 -9999 -9999 -9999 -9999 -9999 -9999 -9999 -9999 -9999 -9999 -9999 -9999 -9999 -9999 0.165937036275864 0.181604206562042 0.177630677819252 0.157705545425415 0.154172137379646 0.147609442472458 0.145243674516678 0.14091831445694 0.12839175760746 0.124736711382866 0.139810159802437 0.148064613342285 0.147984862327576 0.148171454668045 0.148552075028419 0.146712481975555 0.143953412771225 0.148851677775383 0.155255183577538 0.144960910081863 0.135205745697021 0.136757850646973 0.137464866042137 0.135200545191765 0.132818087935448 0.130216270685196 0.12155432254076 0.106289654970169 0.111043572425842
0.141393154859543 0.141603097319603 0.141625046730042 -9999 -9999 -9999 -9999 -9999 -9999 -9999 -9999 -9999 0.139615043997765 0.151542156934738 -9999 -9999 -9999 0.176479309797287 0.205211013555527 0.194585412740707 0.161238953471184 0.161157935857773 0.149691343307495 0.137723103165627 0.123655416071415 0.118733130395412 0.133117511868477 0.143476366996765 0.148915186524391 0.151247754693031 0.151317790150642 0.150364205241203 0.14898669719696 0.149627730250359 0.150665551424026 0.146799117326736 0.14315465092659 0.143452852964401 0.142907366156578 0.139395445585251 0.13630136847496 0.133983239531517 0.127333417534828 0.115964032709599 0.113757476210594
0.141559213399887 0.141638725996017 0.141611367464066 0.141609355807304 -9999 -9999 -9999 -9999 -9999 -9999 -9999 -9999 0.133166655898094 0.139575600624084 0.151542156934738 -9999 -9999 0.168035045266151 0.20319339632988 0.244404599070549 0.209917977452278 0.171517387032509 0.151839956641197 0.133138760924339 0.118523262441158 0.113332822918892 0.128039464354515 0.140446498990059 0.150042936205864 0.153965175151825 0.15375442802906 0.153528675436974 0.15329672396183 0.150491818785667 0.147181123495102 0.148812279105186 0.150367259979248 0.149390384554863 0.147645801305771 0.143201917409897 0.139621257781982 0.137643694877625 0.13279615342617 0.124821685254574 0.11567947268486
0.141610160470009 0.141638725996017 0.141611367464066 0.141605317592621 0.140585213899612 0.139900699257851 -9999 -9999 -9999 -9999 -9999 -9999 -9999 0.133248224854469 0.141280695796013 0.151542156934738 0.158209502696991 0.168035045266151 0.20319339632988 0.244404599070549 0.206655398011208 0.164771273732185 0.141656890511513 0.121103473007679 0.111267998814583 0.111168339848518 0.131621763110161 0.145775467157364 0.152229622006416 0.154757648706436 0.1544259339571 0.154079645872116 0.153727352619171 0.151828154921532 0.149624869227409 0.151763901114464 0.153630509972572 0.151264995336533 0.148607760667801 0.144924834370613 0.142064720392227 0.140732705593109 0.136562064290047 0.129298642277718 0.113353759050369
0.14042791724205 0.140655398368835 0.140822261571884 0.140589758753777 0.140243694186211 0.139902114868164 -9999 -9999 -9999 -9999 0.137024879455566 0.133508205413818 0.131528154015541 0.131657660007477 0.13655886054039 0.145364105701447 0.15513351559639 0.165359616279602 0.195028424263 0.229342728853226 0.194997623562813 0.156860917806625 0.13219054043293 0.111932419240475 0.11013999581337 0.11542584747076 0.135654523968697 0.14822655916214 0.151440590620041 0.152728945016861 0.152614638209343 0.152596354484558 0.152617841959 0.15193983912468 0.151124343276024 0.153331607580185 0.155167534947395 0.152282491326332 0.149379923939705 0.146415799856186 0.144063249230385 0.142846435308456 0.13923417031765 0.133011966943741 0.114663884043694
0.136162608861923 0.137213692069054 0.138060331344604 0.139064788818359 0.140114113688469 0.139902114868164 0.139556273818016 0.139082372188568 0.138630881905556 0.138293415307999 0.137024879455566 0.133508205413818 0.131528154015541 0.131657660007477 0.133115142583847 0.135659128427505 0.144367381930351 0.15599550306797 0.166450589895248 0.176625400781631 0.162351489067078 0.146039858460426 0.124516032636166 0.109922096133232 0.124330438673496 0.135738670825958 0.140813454985619 0.143482774496078 0.143212124705315 0.143647164106369 0.144596204161644 0.146027252078056 0.147657915949821 0.148989856243134 0.150263071060181 0.15143945813179 0.152388945221901 0.151157140731812 0.149677574634552 0.147326901555061 0.144949361681938 0.142521888017654 0.139171704649925 0.134816199541092 0.125063791871071
0.130633026361465 0.133727356791496 0.137023612856865 0.136438846588135 0.134750306606293 0.135175555944443 0.135778427124023 0.135335698723793 0.134921625256538 0.134653404355049 0.133189544081688 0.128838688135147 0.125477865338326 0.123476222157478 0.123344011604786 0.124741323292255 0.132779017090797 0.143962129950523 0.144078522920609 0.141550689935684 0.138740986585617 0.135241508483887 0.121984675526619 0.114834129810333 0.133238956332207 0.144560575485229 0.140928998589516 0.138102889060974 0.136261269450188 0.136486455798149 0.138217106461525 0.140423610806465 0.142827168107033 0.145401641726494 0.148009717464447 0.149069890379906 0.149960473179817 0.149754151701927 0.149146676063538 0.147128731012344 0.144826650619507 0.141996890306473 0.13921295106411 0.136478945612907 0.132267892360687
0.123316004872322 0.130177915096283 0.138426005840302 0.132256343960762 0.121986255049706 0.123766481876373 0.126659408211708 0.126291900873184 0.125968158245087 0.125867083668709 0.123931720852852 0.117567338049412 0.110873609781265 0.103727735579014 0.104627087712288 0.112108811736107 0.120028212666512 0.128154933452606 0.130480244755745 0.131419405341148 0.12790521979332 0.124475300312042 0.126724809408188 0.12953308224678 0.134679809212685 0.137136444449425 0.133914113044739 0.131823688745499 0.131116688251495 0.132041811943054 0.134155720472336 0.13618491590023 0.138179033994675 0.140911072492599 0.143788158893585 0.146025374531746 0.148026987910271 0.147958621382713 0.14744433760643 0.145362257957458 0.143277674913406 0.141188472509384 0.139400795102119 0.137941673398018 0.134953692555428
0.120473019778728 0.127936214208603 0.137070506811142 0.126016601920128 0.109221182763577 0.10582160204649 0.103875130414963 0.104140549898148 0.105666570365429 0.113605082035065 0.11715193092823 0.110094636678696 0.101270951330662 0.0900222510099411 0.092430904507637 0.106013640761375 0.113662540912628 0.118500724434853 0.120985187590122 0.122907273471355 0.120312415063381 0.118028700351715 0.124790251255035 0.130155861377716 0.129679337143898 0.128847420215607 0.127265229821205 0.126879304647446 0.127955466508865 0.12968821823597 0.131899178028107 0.133794859051704 0.13555996119976 0.138073340058327 0.140733808279037 0.143389955163002 0.145815432071686 0.145988985896111 0.145699247717857 0.143780574202538 0.14195591211319 0.140305817127228 0.139236465096474 0.138799861073494 0.137087553739548
0.121397703886032 0.126795798540115 0.133392512798309 0.118044435977936 0.0964552462100983 0.0823727771639824 0.0695830881595612 0.0709510743618011 0.0758084952831268 0.0984161645174026 0.112458929419518 0.105820864439011 0.0958802476525307 0.0814056769013405 0.0857259631156921 0.105423681437969 0.112673915922642 0.114028051495552 0.114945523440838 0.115758657455444 0.1154505610466 0.115219734609127 0.117234788835049 0.11892481148243 0.119254529476166 0.119830064475536 0.120924554765224 0.123058989644051 0.12646447122097 0.129095539450645 0.13116255402565 0.132961571216583 0.134649619460106 0.136627495288849 0.138662338256836 0.14109905064106 0.14336970448494 0.143872737884521 0.14391815662384 0.142354547977448 0.140825495123863 0.139360651373863 0.138775557279587 0.139148995280266 0.138756588101387
0.122022040188313 0.124965481460094 0.128776863217354 0.118800073862076 0.104901917278767 0.0877387002110481 0.0709472000598907 0.0732143968343735 0.0778802707791328 0.0947478786110878 0.10484904050827 0.0986118912696838 0.0923663601279259 0.0861093103885651 0.0907418876886368 0.104284055531025 0.108561970293522 0.10845160484314 0.108209140598774 0.107935100793839 0.108900144696236 0.109992109239101 0.11169246584177 0.113418832421303 0.115254081785679 0.117432534694672 0.120335534214973 0.123459942638874 0.126854971051216 0.129215613007545 0.130822837352753 0.132006391882896 0.133014500141144 0.134618878364563 0.136340484023094 0.138586416840553 0.140715390443802 0.141512095928192 0.141873940825462 0.140706807374954 0.13956892490387 0.13848540186882 0.138422310352325 0.139470979571342 0.1398596316576
0.122499383985996 0.122797556221485 0.123702354729176 0.123826839029789 0.123729407787323 0.107205703854561 0.0897603780031204 0.0928272679448128 0.0955775752663612 0.0967174619436264 0.095811702311039 0.0899665206670761 0.0897709205746651 0.0973314493894577 0.101493649184704 0.102875433862209 0.102921552956104 0.102335005998611 0.101131796836853 0.0997812449932098 0.101523399353027 0.103580869734287 0.107135310769081 0.110714547336102 0.114397525787354 0.118274539709091 0.122561201453209 0.125926658511162 0.128166243433952 0.129684492945671 0.130677372217178 0.130991563200951 0.131024703383446 0.132334873080254 0.133896067738533 0.135965272784233 0.137959018349648 0.139031857252121 0.139700964093208 0.138950556516647 0.138250604271889 0.137644380331039 0.138121739029884 0.139779701828957 0.140685692429543
