Ecospace-environmental-drivers/Outputs/ASCII-for-ecospace/MOM6-ISIMIP3a/phyc-vint/2010-07_phyc-vint_MOM6-ISIMIP3a.asc
NCOLS 131 
NROWS 53 
XLLCORNER -98 
YLLCORNER 23.9265270233154 
CELLSIZE 0.133587792515755 
NODATA_value -9999 
[rows 20 to 39 of 53, columns 45 to 89 of 131]
0.106781668961048 0.106091074645519 0.105443686246872 0.106080047786236 0.107081510126591 0.100573480129242 0.0935941189527512 0.0946420431137085 0.0953895524144173 0.0946088880300522 0.0936462134122849 0.0922440215945244 0.0938208997249603 0.0994876474142075 0.103088431060314 0.104998894035816 0.104922145605087 0.103904083371162 0.102276772260666 0.100503884255886 0.100488662719727 0.100667059421539 0.101905941963196 0.103399500250816 0.105958916246891 0.108023129403591 0.109041906893253 0.109111621975899 0.108021400868893 0.10625684261322 0.104001119732857 0.102120280265808 0.100394695997238 0.101575419306755 0.103327460587025 0.103732019662857 0.104066491127014 0.104203768074512 0.104616731405258 0.105999015271664 0.107580050826073 0.109530203044415 0.110985063016415 0.11190027743578 0.113462045788765
0.105158589780331 0.103778399527073 0.102220088243484 0.101080879569054 0.100060865283012 0.0997238606214523 0.099457360804081 0.0992066338658333 0.0988315567374229 0.0978239700198174 0.0968632251024246 0.0960155948996544 0.0956483706831932 0.0959406644105911 0.0973492935299873 0.0996712744235992 0.0998522862792015 0.0990191623568535 0.0977670401334763 0.0964148044586182 0.096030980348587 0.0958653688430786 0.0979073420166969 0.100515276193619 0.105491809546947 0.109361827373505 0.110895916819572 0.111220948398113 0.110068276524544 0.107894599437714 0.104977242648602 0.102590344846249 0.100423134863377 0.100730054080486 0.101523324847221 0.102481782436371 0.103348486125469 0.103259101510048 0.10359026491642 0.10540010035038 0.107365623116493 0.10962026566267 0.111142046749592 0.111865341663361 0.113137274980545
0.0995780378580093 0.0983937531709671 0.0971293970942497 0.0962794348597527 0.0955473184585571 0.0954273492097855 0.0953677520155907 0.0952463671565056 0.0951107665896416 0.0949028432369232 0.0945704430341721 0.0939375087618828 0.0933892875909805 0.0929573625326157 0.0935438573360443 0.0949635803699493 0.0952261984348297 0.094940721988678 0.0942378863692284 0.0934353321790695 0.092997781932354 0.0927549451589584 0.0949811711907387 0.0978567749261856 0.103450059890747 0.107721984386444 0.109204404056072 0.109890922904015 0.109604686498642 0.10803858935833 0.105540253221989 0.10309787094593 0.100678659975529 0.100861050188541 0.101554848253727 0.102491602301598 0.103387147188187 0.103792198002338 0.104474402964115 0.106131054461002 0.107736304402351 0.10924606770277 0.110176123678684 0.110474556684494 0.111279010772705
0.0940005034208298 0.0930669456720352 0.0921626016497612 0.0917128846049309 0.091392457485199 0.0910214334726334 0.0906611233949661 0.0907300859689713 0.0908834636211395 0.0914662033319473 0.0917479619383812 0.0913029536604881 0.0907273069024086 0.0899723172187805 0.0898931175470352 0.0903668329119682 0.0906927436590195 0.0909486562013626 0.0907769277691841 0.09050302952528 0.0900377407670021 0.0897412076592445 0.0920922681689262 0.0951523408293724 0.101179681718349 0.105712711811066 0.107091128826141 0.108126439154148 0.108742401003838 0.107882462441921 0.105947494506836 0.103546559810638 0.100952655076981 0.101040355861187 0.101655200123787 0.102500393986702 0.103361584246159 0.104295708239079 0.105351939797401 0.10683748871088 0.108050093054771 0.10875578969717 0.10906470566988 0.108941316604614 0.109271325170994
0.0934965014457703 0.0925939977169037 0.0916102305054665 0.0907714888453484 0.0899739861488342 0.0891856327652931 0.0884068235754967 0.0878602787852287 0.087390661239624 0.0873123407363892 0.0871787369251251 0.0869116708636284 0.0866046696901321 0.0862428471446037 0.0863404497504234 0.0868139490485191 0.0871246010065079 0.0873581171035767 0.0871965289115906 0.0869405344128609 0.0864767283201218 0.0861760228872299 0.0884569808840752 0.0914035141468048 0.0971355736255646 0.101388521492481 0.102518931031227 0.103558801114559 0.104488007724285 0.104670368134975 0.104308746755123 0.102976903319359 0.101243257522583 0.100777596235275 0.100561186671257 0.100892744958401 0.101315855979919 0.102435156702995 0.103695400059223 0.105451203882694 0.106682404875755 0.10693933814764 0.10697790235281 0.106778532266617 0.106744468212128
0.0920321494340897 0.0912461280822754 0.0903058499097824 0.089248389005661 0.0881576016545296 0.0870685428380966 0.0859814137220383 0.0849415361881256 0.0839753970503807 0.0833843573927879 0.0829368904232979 0.0828360915184021 0.082760289311409 0.0827188119292259 0.0829412341117859 0.0833795666694641 0.0836705043911934 0.0838916152715683 0.0837477892637253 0.0835167691111565 0.0830662697553635 0.0827692896127701 0.0849262923002243 0.0876687541604042 0.0928614214062691 0.096659854054451 0.0975149348378181 0.0984945967793465 0.0996265336871147 0.100649885833263 0.101594142615795 0.101323902606964 0.100550688803196 0.0999095067381859 0.0992942824959755 0.0993926748633385 0.0996181294322014 0.10082671046257 0.10215125232935 0.103883497416973 0.10493978112936 0.104740709066391 0.104480177164078 0.10415268689394 0.103742502629757
0.0863569229841232 0.0860619768500328 0.0857040956616402 0.0851746872067451 0.0845964923501015 0.0837180688977242 0.0828057527542114 0.0818082168698311 0.0809000879526138 0.0804468020796776 0.0801304578781128 0.0801447704434395 0.0801360160112381 0.0800955817103386 0.0802148655056953 0.0804648101329803 0.0807164832949638 0.080968976020813 0.0808763653039932 0.0807012915611267 0.080315925180912 0.0800573378801346 0.0818542838096619 0.0839956626296043 0.0875785872340202 0.0901576802134514 0.0906176045536995 0.0912531092762947 0.0921031981706619 0.0930848196148872 0.0941622406244278 0.0949207469820976 0.0955471768975258 0.0963872522115707 0.0972693338990211 0.0983643308281898 0.0994462743401527 0.100323662161827 0.101099863648415 0.10152030736208 0.101553186774254 0.100866287946701 0.10018066316843 0.0994964241981506 0.0986573249101639
0.0817671045660973 0.0818600207567215 0.0819076895713806 0.08168113976717 0.0813765972852707 0.0806677788496017 0.0799145698547363 0.0790802165865898 0.0783354789018631 0.0780466124415398 0.0778688192367554 0.0779592022299767 0.078004002571106 0.0779862180352211 0.0780707150697708 0.0782388895750046 0.0785081088542938 0.0788251832127571 0.0787759572267532 0.0786391943693161 0.0782536566257477 0.0779643878340721 0.0793251022696495 0.0808355733752251 0.0829728022217751 0.0844981521368027 0.0847317799925804 0.0851334258913994 0.0857404470443726 0.0865764766931534 0.0875793248414993 0.0888917967677116 0.0903325006365776 0.092019610106945 0.0937551558017731 0.0953748300671577 0.0968955531716347 0.097491480410099 0.0978750735521317 0.0975120663642883 0.0970009043812752 0.096214585006237 0.0955499038100243 0.0950177386403084 0.0944178402423859
0.0795454829931259 0.0798010602593422 0.0798684433102608 0.0794534087181091 0.0789011642336845 0.0782724469900131 0.0776440799236298 0.0772365778684616 0.0768851339817047 0.0768188685178757 0.0767958164215088 0.076877124607563 0.0769460573792458 0.0769980177283287 0.0771968737244606 0.0775159224867821 0.0779266133904457 0.078380711376667 0.0783577933907509 0.0782208889722824 0.0776926577091217 0.0772219821810722 0.0779803022742271 0.0787947773933411 0.0798442587256432 0.0806771665811539 0.0810528919100761 0.0814613848924637 0.0819099098443985 0.0823737606406212 0.0828487798571587 0.0836793333292007 0.0846571177244186 0.0858074501156807 0.0869917050004005 0.0881063714623451 0.0891544818878174 0.0895775035023689 0.0899082496762276 0.0899145603179932 0.0899052619934082 0.08986696600914 0.0901964008808136 0.0909264907240868 0.0920235365629196
0.0780121982097626 0.0782317742705345 0.0782178789377213 0.0777590423822403 0.0771736651659012 0.0767034962773323 0.0762579441070557 0.0761587172746658 0.0760987550020218 0.0762385651469231 0.0763789936900139 0.0765209123492241 0.0766509175300598 0.0767645761370659 0.0770289972424507 0.0774167627096176 0.0778143256902695 0.0782165229320526 0.078153669834137 0.07797971367836 0.0774976089596748 0.0770491063594818 0.0773975774645805 0.0777604132890701 0.0781833902001381 0.0785967409610748 0.0789898037910461 0.0793847069144249 0.0797818601131439 0.080055870115757 0.0802401825785637 0.0806759148836136 0.0812157765030861 0.0818337202072144 0.0824670121073723 0.0830294489860535 0.0835524201393127 0.0837154015898705 0.0838743224740028 0.0840189084410667 0.0842393413186073 0.0846006199717522 0.08543511480093 0.0867851972579956 0.0889462754130363
0.0773449167609215 0.0772785469889641 0.0770563036203384 0.0767357051372528 0.0763871297240257 0.0761741995811462 0.0759844034910202 0.0760442614555359 0.076147697865963 0.0764727890491486 0.0767876803874969 0.0770779028534889 0.0773154497146606 0.0774806886911392 0.0777492746710777 0.0781024098396301 0.0782923325896263 0.0784049481153488 0.0782188400626183 0.0779613628983498 0.0777629539370537 0.0775927230715752 0.0777735859155655 0.0779922306537628 0.0783689767122269 0.0787060856819153 0.0789595171809196 0.0793151408433914 0.0797956809401512 0.0801092311739922 0.0803011581301689 0.080451674759388 0.0805850550532341 0.0806761160492897 0.0807588621973991 0.0807096585631371 0.0806414037942886 0.0804347470402718 0.0802721232175827 0.0802643150091171 0.080372117459774 0.0806946158409119 0.0814188942313194 0.0825809314846992 0.0850098058581352
0.0769015252590179 0.0767360329627991 0.0764730423688889 0.0762831941246986 0.0761141553521156 0.0760453641414642 0.0759928449988365 0.0761025696992874 0.0762538090348244 0.0766163021326065 0.0769821554422379 0.0773561522364616 0.0777252390980721 0.0780875757336617 0.0784434005618095 0.0787938982248306 0.078845776617527 0.0787562057375908 0.0786208137869835 0.0784744694828987 0.0784668102860451 0.0784682109951973 0.0784627199172974 0.0785273611545563 0.0788855254650116 0.0792374759912491 0.0795762836933136 0.0799181908369064 0.0802638605237007 0.0803180262446404 0.0801598504185677 0.0798662155866623 0.0795164778828621 0.0791546851396561 0.0787905156612396 0.078388549387455 0.0779829919338226 0.0775560364127159 0.0772063657641411 0.0771284252405167 0.0772158056497574 0.0776102021336555 0.0784259140491486 0.079700656235218 0.0822903513908386
0.0766260549426079 0.0765015631914139 0.0763235092163086 0.0762588158249855 0.0762263536453247 0.0762168765068054 0.0762127861380577 0.0762904435396194 0.0764028131961823 0.0766917616128922 0.0770159736275673 0.0774253457784653 0.0779439657926559 0.0786125585436821 0.0791179314255714 0.0794897601008415 0.0794557854533195 0.0792295932769775 0.0792753845453262 0.0793861672282219 0.0794995576143265 0.0795925855636597 0.0793866813182831 0.0792899802327156 0.079650305211544 0.0800854042172432 0.0806783586740494 0.0810256972908974 0.0810728296637535 0.080643393099308 0.0798668339848518 0.0790098309516907 0.0781195163726807 0.0773603767156601 0.0766270235180855 0.0760664418339729 0.0755140259861946 0.0749787911772728 0.0745429471135139 0.0744565576314926 0.0745926722884178 0.0751419961452484 0.0762003734707832 0.0778133794665337 0.0804836750030518
0.0766307935118675 0.0765584781765938 0.0764440298080444 0.0763905048370361 0.0763543173670769 0.0763170942664146 0.076282300055027 0.0763157457113266 0.0763808637857437 0.0766070857644081 0.076927050948143 0.0774733573198318 0.0781330093741417 0.0789482593536377 0.079533539712429 0.0799306705594063 0.07994145154953 0.0797692313790321 0.0798764154314995 0.0800503566861153 0.0802861303091049 0.0805047824978828 0.0804124474525452 0.08033487200737 0.0803190469741821 0.0803982689976692 0.0806781426072121 0.080778956413269 0.0806609243154526 0.0801534205675125 0.0793622210621834 0.0785759687423706 0.0777917504310608 0.0770372748374939 0.0762886330485344 0.075803816318512 0.0753190889954567 0.0747398138046265 0.074231818318367 0.0739744529128075 0.0738503336906433 0.0739736631512642 0.0745826214551926 0.0757206752896309 0.0782705470919609
0.0767556205391884 0.0767402648925781 0.0766802802681923 0.0765890926122665 0.0764890313148499 0.0763867571949959 0.0762873440980911 0.0762713700532913 0.0762856528162956 0.0764537826180458 0.0767855197191238 0.0775122940540314 0.0783093348145485 0.079202838242054 0.0798381790518761 0.0802623108029366 0.0803738310933113 0.0803372636437416 0.0804544910788536 0.0806084647774696 0.0809671953320503 0.08132603764534 0.0814818367362022 0.081500731408596 0.0809466242790222 0.0804818198084831 0.0802055075764656 0.0799518227577209 0.0797257944941521 0.0793140083551407 0.0787669271230698 0.0783231779932976 0.0779222249984741 0.0773446932435036 0.0767324566841125 0.0764238312840462 0.0760987475514412 0.0755029618740082 0.0749288275837898 0.0744308233261108 0.0739140510559082 0.0733624324202538 0.073225349187851 0.0735399127006531 0.075883224606514
0.0769530683755875 0.0770767033100128 0.0771510526537895 0.0770687758922577 0.0769419521093369 0.0766680836677551 0.0763864293694496 0.0763011500239372 0.0762738510966301 0.0765414834022522 0.0769248679280281 0.0775877237319946 0.0783486887812614 0.0792443603277206 0.0799955055117607 0.0806284174323082 0.0810110345482826 0.0812750980257988 0.0814583674073219 0.0816223323345184 0.0819169953465462 0.0821951180696487 0.0821018442511559 0.0818912610411644 0.0811897441744804 0.0806141421198845 0.0803043767809868 0.0799655318260193 0.0795911550521851 0.0792522728443146 0.0789392367005348 0.0787170976400375 0.0785325989127159 0.0780488327145576 0.0775062441825867 0.0771617963910103 0.0768005922436714 0.0762040466070175 0.0756088346242905 0.0750183612108231 0.0744209587574005 0.0738107189536095 0.0733171477913857 0.0729507058858871 0.0744084119796753
0.0771655440330505 0.0774451419711113 0.0776703432202339 0.0776066109538078 0.0774607136845589 0.0769931972026825 0.0765049681067467 0.0763462632894516 0.076279304921627 0.0766790583729744 0.0771223306655884 0.0776707008481026 0.0783597156405449 0.0792417973279953 0.0801223516464233 0.0810016542673111 0.0816906243562698 0.0822894424200058 0.0825503319501877 0.0827304869890213 0.0829223915934563 0.0830741003155708 0.0826288685202599 0.082121379673481 0.0813533067703247 0.0807565599679947 0.0805214866995811 0.0801532119512558 0.0796221420168877 0.079351432621479 0.0792703628540039 0.0792448148131371 0.0792422592639923 0.078835055232048 0.078348308801651 0.0779241621494293 0.0774863362312317 0.0768922790884972 0.0762853249907494 0.0756330341100693 0.0750195682048798 0.0744782239198685 0.0737087726593018 0.0726907923817635 0.0731223896145821
0.0792170986533165 0.0793687403202057 0.0794764310121536 0.0791449248790741 0.0786885172128677 0.0778633579611778 0.0770168900489807 0.076614111661911 0.0763349533081055 0.0766846537590027 0.0770467221736908 0.077438659965992 0.0781586542725563 0.0793290138244629 0.080541267991066 0.0817877948284149 0.0825688317418098 0.0831293761730194 0.0833037495613098 0.0833858475089073 0.0833405628800392 0.0832765176892281 0.0830668285489082 0.082754410803318 0.0820120573043823 0.0815685242414474 0.0817558169364929 0.0812813490629196 0.0799980834126472 0.0792825669050217 0.0789805874228477 0.0789569690823555 0.0790486410260201 0.0783112794160843 0.0774109587073326 0.076678492128849 0.0759742110967636 0.075484573841095 0.0750064104795456 0.0745685696601868 0.0742569714784622 0.0741798281669617 0.0737334638834 0.0728848204016685 0.0727310851216316
0.0813446640968323 0.0813311412930489 0.0812771320343018 0.0806882977485657 0.0799473524093628 0.0787833333015442 0.0775948241353035 0.0769145041704178 0.0763939544558525 0.0766861364245415 0.0769670754671097 0.0772208869457245 0.0779790952801704 0.0794297754764557 0.0809588953852654 0.0825522020459175 0.0833919271826744 0.0838747024536133 0.0839683786034584 0.0839690864086151 0.0836815387010574 0.0833980590105057 0.0834620147943497 0.0833660364151001 0.0826007276773453 0.0822907164692879 0.082941859960556 0.0823858007788658 0.0803542882204056 0.0791990756988525 0.078682154417038 0.0786359459161758 0.0787846818566322 0.0776951834559441 0.0763622745871544 0.0753023847937584 0.0743134319782257 0.0739186480641365 0.0735648795962334 0.0733553320169449 0.0733556896448135 0.0737458616495132 0.0736572295427322 0.0730469301342964 0.0723782181739807
0.0834045186638832 0.0829645246267319 0.082405723631382 0.0818077474832535 0.0811986178159714 0.0799742937088013 0.0786889269948006 0.0774556174874306 0.0764646977186203 0.0767067670822144 0.0769748687744141 0.07730583101511 0.0781302377581596 0.079632081091404 0.081223264336586 0.0828875452280045 0.0835322886705399 0.0836940929293633 0.0838476791977882 0.083999291062355 0.0834796130657196 0.0829799920320511 0.0834434181451797 0.0835568308830261 0.0822053626179695 0.0817355290055275 0.083126924932003 0.082788273692131 0.0803351625800133 0.0790399014949799 0.0785880014300346 0.0783505365252495 0.0782018750905991 0.0767199769616127 0.0749759897589684 0.0734941586852074 0.0721168741583824 0.0716660916805267 0.0713227614760399 0.0713572427630424 0.0716252997517586 0.0723271295428276 0.072679691016674 0.0726517289876938 0.0720079764723778
