Ecospace-environmental-drivers/Outputs/ASCII-for-ecospace/MOM6-ISIMIP3a/phyc-vint/2010-08_phyc-vint_MOM6-ISIMIP3a.asc
NCOLS 131 
NROWS 53 
XLLCORNER -98 
YLLCORNER 23.9265270233154 
CELLSIZE 0.133587792515755 
NODATA_value -9999 
[rows 0 to 19 of 53, columns 45 to 89 of 131]
-9999 -9999 -9999 -9999 -9999 -9999 -9999 -9999 -9999 -9999 -9999 -9999 -9999 -9999 -9999 -9999 -9999 -9999 -9999 -9999 -9999 -9999 -9999 -9999 -9999 -9999 -9999 -9999 -9999 -9999 -9999 -9999 -9999 -9999 -9999 -9999 -9999 -9999 -9999 -9999 -9999 -9999 -9999 -9999 -9999
-9999 -9999 -9999 -9999 -9999 -9999 -9999 -9999 -9999 -9999 -9999 -9999 -9999 -9999 -9999 -9999 -9999 -9999 -9999 -9999 -9999 -9999 -9999 -9999 -9999 -9999 -9999 -9999 -9999 -9999 -9999 -9999 -9999 -9999 -9999 -9999 -9999 -9999 -9999 -9999 -9999 -9999 -9999 -9999 -9999
-9999 -9999 -9999 -9999 -9999 -9999 -9999 -9999 -9999 -9999 -9999 -9999 -9999 -9999 -9999 -9999 -9999 -9999 -9999 -9999 -9999 -9999 -9999 -9999 -9999 -9999 -9999 -9999 -9999 0.112680457532406 0.11198154091835 -9999 -9999 -9999 -9999 -9999 -9999 -9999 -9999 -9999 -9999 -9999 -9999 -9999 -9999
-9999 -9999 -9999 -9999 -9999 -9999 -9999 -9999 -9999 -9999 -9999 -9999 -9999 -9999 -9999 -9999 -9999 -9999 -9999 -9999 -9999 -9999 -9999 -9999 -9999 -9999 -9999 -9999 -9999 0.112678289413452 0.112132683396339 -9999 -9999 -9999 -9999 -9999 -9999 -9999 -9999 -9999 -9999 -9999 -9999 -9999 -9999
-9999 -9999 -9999 -9999 -9999 -9999 -9999 -9999 -9999 -9999 -9999 -9999 -9999 -9999 -9999 -9999 -9999 -9999 -9999 -9999 0.123806804418564 0.123382411897182 0.123042903840542 0.121062450110912 0.119361937046051 0.116551905870438 0.11474334448576 0.113815866410732 0.113177672028542 0.112697631120682 0.112159565091133 0.111540861427784 -9999 -9999 0.0987147390842438 0.0877842307090759 0.0770969614386559 0.0707223862409592 0.071648083627224 0.0754149034619331 0.0787628814578056 0.075729101896286 0.0645662099123001 0.0498189106583595 -9999
-9999 -9999 -9999 -9999 -9999 -9999 -9999 -9999 -9999 -9999 -9999 -9999 -9999 -9999 -9999 -9999 0.124291256070137 -9999 0.1246068328619 0.124869421124458 0.124182976782322 0.123806804418564 0.123297534883022 0.123042903840542 0.119081996381283 0.115960918366909 0.11461279541254 0.113656312227249 0.113178484141827 0.112698219716549 0.112216182053089 0.111564300954342 0.11084209382534 0.106695063412189 0.101874798536301 0.0875743553042412 0.0739035308361053 0.069812998175621 0.0684506297111511 0.0766806155443192 0.0811134576797485 0.0784945711493492 0.0675792843103409 0.0476247780025005 0.0342526733875275
-9999 -9999 -9999 -9999 -9999 -9999 -9999 -9999 -9999 -9999 -9999 -9999 0.12678824365139 0.127287104725838 0.127709060907364 0.129005908966064 0.127210929989815 0.124248519539833 0.124333992600441 0.124617084860802 0.124869421124458 0.123872697353363 0.123806804418564 0.123042903840542 0.119081996381283 0.115960918366909 0.11461279541254 0.113656312227249 0.113178484141827 0.112698219716549 0.112216182053089 0.111564300954342 0.11084209382534 0.106695063412189 0.101874798536301 0.0875743553042412 0.0739035308361053 0.069812998175621 0.0684506297111511 0.0766806155443192 0.0811134576797485 0.0784945711493492 0.0675792843103409 0.0476247780025005 0.0342526733875275
-9999 -9999 -9999 -9999 -9999 -9999 -9999 -9999 -9999 -9999 -9999 -9999 0.124113529920578 0.12678824365139 0.127785980701447 -9999 0.130678817629814 0.128240361809731 0.124163046479225 0.124333992600441 0.124647840857506 0.124869421124458 0.122941866517067 0.120088830590248 0.113362580537796 0.110187686979771 0.114509969949722 0.11649052798748 0.115608997642994 0.114770904183388 0.113964453339577 0.112613141536713 0.111036196351051 0.110247656702995 0.109614104032516 0.096705250442028 0.0843306705355644 0.081616036593914 0.0804385915398598 0.0846659913659096 0.0861506685614586 0.0825418159365654 0.0728528052568436 0.056539248675108 0.0513698644936085
0.126725196838379 -9999 -9999 -9999 -9999 -9999 -9999 -9999 -9999 -9999 -9999 -9999 -9999 -9999 -9999 -9999 0.13008688390255 0.13316585123539 0.129451990127563 0.123992100358009 0.124333992600441 0.124740101397038 0.121408775448799 0.116842664778233 0.107108846306801 0.103847198188305 0.114248804748058 0.119427725672722 0.118223465979099 0.117044992744923 0.115885317325592 0.113776959478855 0.111275717616081 0.113965049386024 0.117674715816975 0.106454767286777 0.095662496984005 0.0944490283727646 0.0934807136654854 0.0933743566274643 0.0916733220219612 0.0870107933878899 0.0787025392055511 0.0664221420884132 0.0699664205312729
0.126733526587486 0.126517683267593 0.1263547539711 -9999 -9999 -9999 -9999 -9999 -9999 -9999 -9999 -9999 0.116706423461437 0.121371954679489 -9999 -9999 -9999 0.132693246006966 0.13602514564991 0.13021545112133 0.123650208115578 0.123355522751808 0.119759224355221 0.114825807511806 0.104296408593655 0.100031539797783 0.108991608023643 0.115157850086689 0.117909446358681 0.118336148560047 0.1170694231987 0.114887461066246 0.112326465547085 0.1098627820611 0.107418231666088 0.102738983929157 0.0983587130904198 0.097707562148571 0.0970727279782295 0.0964953079819679 0.0946702435612679 0.0905281603336334 0.0842202678322792 0.0755526348948479 0.0741912648081779
0.12684354186058 0.12657542526722 0.126134097576141 0.126101523637772 -9999 -9999 -9999 -9999 -9999 -9999 -9999 -9999 0.113886296749115 0.115886256098747 0.121371954679489 -9999 -9999 0.134770110249519 0.136521384119987 0.136783957481384 0.129787743091583 0.12246273458004 0.117610491812229 0.111655451357365 0.101085118949413 0.096568800508976 0.104832977056503 0.112000703811646 0.117828339338303 0.119554989039898 0.118294544517994 0.116111256182194 0.113545782864094 0.10690263658762 0.0994579121470451 0.100339636206627 0.101386159658432 0.101030290126801 0.100549966096878 0.099632054567337 0.0977510064840317 0.094081312417984 0.0894366353750229 0.0837296769022942 0.0776044875383377
0.12688735127449 0.12657542526722 0.126134097576141 0.126036375761032 0.124377854168415 0.122876428067684 -9999 -9999 -9999 -9999 -9999 -9999 -9999 0.112840302288532 0.116077862679958 0.121371954679489 0.12678824365139 0.134770110249519 0.136521384119987 0.136783957481384 0.130871549248695 0.124207876622677 0.11278422921896 0.102297931909561 0.0957345366477966 0.0949990674853325 0.106566801667213 0.114812046289444 0.118996508419514 0.120386004447937 0.119739688932896 0.117942728102207 0.115669243037701 0.110068537294865 0.103813767433167 0.10500144213438 0.106190226972103 0.1046973913908 0.103411540389061 0.10285347700119 0.101281464099884 0.0978264138102531 0.0930366143584251 0.0867925733327866 0.0766643509268761
0.126030683517456 0.125858932733536 0.12553745508194 0.124756425619125 0.12384470552206 0.122873902320862 -9999 -9999 -9999 -9999 0.119128189980984 0.115034498274326 0.112528376281261 0.112201787531376 0.11379075050354 0.116946958005428 0.123161457479 0.130824610590935 0.132370352745056 0.132454425096512 0.128319099545479 0.123184636235237 0.107726894319057 0.0951632112264633 0.0947114825248718 0.0981573387980461 0.109831318259239 0.117337137460709 0.119748622179031 0.120581716299057 0.120265141129494 0.118716940283775 0.116658672690392 0.112325809895992 0.10754582285881 0.108704313635826 0.109706573188305 0.107034206390381 0.104916244745255 0.104747630655766 0.103683993220329 0.100958190858364 0.0964336022734642 0.0899491682648659 0.0782693848013878
0.122922733426094 0.123351201415062 0.12344916164875 0.123591162264347 0.123745694756508 0.122873902320862 0.12191066890955 0.121314957737923 0.12077409029007 0.120512239634991 0.119128189980984 0.115034498274326 0.112528376281261 0.112201787531376 0.11028254032135 0.107060223817825 0.110467538237572 0.117015160620213 0.117841504514217 0.11730083823204 0.116675831377506 0.115240290760994 0.10209184885025 0.0935856103897095 0.104507468640804 0.113135881721973 0.116922631859779 0.119146607816219 0.119460552930832 0.119189128279686 0.11849132925272 0.116847947239876 0.114812962710857 0.112311489880085 0.109718315303326 0.110009796917439 0.110003553330898 0.106045253574848 0.103028729557991 0.10332353413105 0.103266656398773 0.102556653320789 0.0993230864405632 0.0933400020003319 0.0862374901771545
0.117529705166817 0.119738593697548 0.121974214911461 0.121653959155083 0.120606817305088 0.120306104421616 0.120061956346035 0.1192821636796 0.118540532886982 0.11799306422472 0.11613741517067 0.11112304776907 0.107589408755302 0.106088615953922 0.103236488997936 0.0992787182331085 0.102110303938389 0.108157850801945 0.10914072394371 0.108913481235504 0.109809942543507 0.110194869339466 0.102010846138 0.0980252400040627 0.111610412597656 0.120546787977219 0.119669169187546 0.11877129971981 0.117848679423332 0.116750873625278 0.115525461733341 0.114047855138779 0.112465813755989 0.111389070749283 0.110411643981934 0.110636472702026 0.110468812286854 0.106032103300095 0.102590747177601 0.102649100124836 0.102844141423702 0.103293031454086 0.101223409175873 0.096409797668457 0.0921224132180214
0.108905993402004 0.114563904702663 0.121366418898106 0.118625357747078 0.113170109689236 0.11410791426897 0.115599505603313 0.114375367760658 0.113149128854275 0.111912235617638 0.108918234705925 0.101681523025036 0.0956676378846169 0.0913325473666191 0.0911885648965836 0.0944736301898956 0.0998843610286713 0.106301963329315 0.10867977142334 0.110092334449291 0.109698392450809 0.109247997403145 0.109782256186008 0.110972136259079 0.114905893802643 0.117258451879025 0.116272985935211 0.115307107567787 0.114365175366402 0.112834222614765 0.110874235630035 0.109931364655495 0.109409727156162 0.109182760119438 0.109013713896275 0.110303439199924 0.111172005534172 0.107398569583893 0.104202151298523 0.103034563362598 0.102414324879646 0.102810561656952 0.101725243031979 0.0990257039666176 0.0950621217489243
0.102865532040596 0.109142765402794 0.116816177964211 0.112204656004906 0.104099303483963 0.102919101715088 0.102406926453114 0.100792326033115 0.0998184233903885 0.102103613317013 0.101451598107815 0.0937073975801468 0.0865645185112953 0.080247163772583 0.0827623084187508 0.0925039574503899 0.0994180142879486 0.10499270260334 0.107674114406109 0.109664231538773 0.109132647514343 0.108668744564056 0.111711382865906 0.114047311246395 0.113425582647324 0.112716786563396 0.111824192106724 0.110907845199108 0.109962455928326 0.108245439827442 0.105966381728649 0.105407908558846 0.105561994016171 0.106364458799362 0.107294380664825 0.109012112021446 0.11033371835947 0.10750076174736 0.104945212602615 0.103365078568459 0.102421633899212 0.102660588920116 0.102071531116962 0.10058031976223 0.0972645953297615
0.0990004688501358 0.103514090180397 0.108945921063423 0.102927394211292 0.0936523824930191 0.0875276029109955 0.0818625241518021 0.0799028649926186 0.0798018872737885 0.0891557484865189 0.0937765762209892 0.0869690030813217 0.0798350274562836 0.072252944111824 0.0773859247565269 0.0929220393300056 0.100433453917503 0.104143753647804 0.106209747493267 0.107882864773273 0.108184412121773 0.108399070799351 0.108720622956753 0.108809322118759 0.107923500239849 0.107119679450989 0.106488980352879 0.10572113096714 0.104785643517971 0.103090643882751 0.10084243118763 0.100541740655899 0.101047590374947 0.103030785918236 0.105304390192032 0.106913775205612 0.108197338879108 0.106538280844688 0.104957029223442 0.103649310767651 0.10279705375433 0.102790609002113 0.102286837995052 0.101241201162338 0.0988462269306183
0.0965019389986992 0.0990382060408592 0.102145798504353 0.0983455553650856 0.0925807356834412 0.0837522745132446 0.0748937502503395 0.0736899673938751 0.0737552866339684 0.0802763551473618 0.0832920596003532 0.0778436958789825 0.0740961953997612 0.0726837515830994 0.0792078822851181 0.092225506901741 0.0984970927238464 0.101573221385479 0.103063143789768 0.104174062609673 0.104458697140217 0.10463235527277 0.104017019271851 0.103350937366486 0.102472484111786 0.101780913770199 0.101483844220638 0.101038612425327 0.100412279367447 0.0990339741110802 0.09710793197155 0.0967993140220642 0.0971605256199837 0.0995228886604309 0.102278634905815 0.104073196649551 0.105598203837872 0.104837626218796 0.104022957384586 0.103018097579479 0.102373979985714 0.102399803698063 0.102071970701218 0.101358816027641 0.0996406152844429
0.0946721509099007 0.0951264575123787 0.0958693623542786 0.0960615277290344 0.0960970669984818 0.0856615602970123 0.0745684877038002 0.0746593475341797 0.0745451673865318 0.0733879581093788 0.0714326649904251 0.0675503015518188 0.0688421577215195 0.0772375091910362 0.0845524817705154 0.090983510017395 0.0951161906123161 0.0981601998209953 0.0990933030843735 0.0995220392942429 0.0993737652897835 0.0991542786359787 0.0984751954674721 0.097784698009491 0.0970464646816254 0.0965685620903969 0.0966402366757393 0.0966028347611427 0.0964321121573448 0.0955146998167038 0.0940534025430679 0.0936068147420883 0.0935804694890976 0.095929741859436 0.0987460166215897 0.10086939483881 0.102772615849972 0.102775730192661 0.102625995874405 0.101938880980015 0.101560145616531 0.101754114031792 0.101646587252617 0.101210571825504 0.100049749016762
