Ecospace-environmental-drivers/Outputs/ASCII-for-ecospace/MOM6-ISIMIP3a/phyc-vint/2013_mo04_avg31y_phyc-vint_MOM6-ISIMIP3a.asc
NCOLS 131 
NROWS 53 
XLLCORNER -98 
YLLCORNER 23.9265270233154 
CELLSIZE 0.133587792515755 
NODATA_value -9999 
[rows 0 to 19 of 53, columns 46 to 91 of 131]
-9999 -9999 -9999 -9999 -9999 -9999 -9999 -9999 -9999 -9999 -9999 -9999 -9999 -9999 -9999 -9999 -9999 -9999 -9999 -9999 -9999 -9999 -9999 -9999 -9999 -9999 -9999 -9999 -9999 -9999 -9999 -9999 -9999 -9999 -9999 -9999 -9999 -9999 -9999 -9999 -9999 -9999 -9999 -9999 -9999 -9999
-9999 -9999 -9999 -9999 -9999 -9999 -9999 -9999 -9999 -9999 -9999 -9999 -9999 -9999 -9999 -9999 -9999 -9999 -9999 -9999 -9999 -9999 -9999 -9999 -9999 -9999 -9999 -9999 -9999 -9999 -9999 -9999 -9999 -9999 -9999 -9999 -9999 -9999 -9999 -9999 -9999 -9999 -9999 -9999 -9999 -9999
-9999 -9999 -9999 -9999 -9999 -9999 -9999 -9999 -9999 -9999 -9999 -9999 -9999 -9999 -9999 -9999 -9999 -9999 -9999 -9999 -9999 -9999 -9999 -9999 -9999 -9999 -9999 -9999 0.14100143697954 0.138815580596847 -9999 -9999 -9999 -9999 -9999 -9999 -9999 -9999 -9999 -9999 -9999 -9999 -9999 -9999 -9999 -9999
-9999 -9999 -9999 -9999 -9999 -9999 -9999 -9999 -9999 -9999 -9999 -9999 -9999 -9999 -9999 -9999 -9999 -9999 -9999 -9999 -9999 -9999 -9999 -9999 -9999 -9999 -9999 -9999 0.141306536572595 0.139379318443037 -9999 -9999 -9999 -9999 -9999 -9999 -9999 -9999 -9999 -9999 -9999 -9999 -9999 -9999 -9999 -9999
-9999 -9999 -9999 -9999 -9999 -9999 -9999 -9999 -9999 -9999 -9999 -9999 -9999 -9999 -9999 -9999 -9999 -9999 -9999 0.153414251342896 0.152854393566808 0.152406506480709 0.149793877236305 0.147703198175276 0.144623712666573 0.143179184486789 0.142861263886575 0.142406825577059 0.141687278064989 0.139825511363245 0.136625169265655 -9999 -9999 0.11296798445044 0.102801248551376 0.100981610316423 0.108438516336103 0.125382962967119 0.141180222072909 0.150966223209135 0.150057920765492 0.136930945419496 0.11591293206138 -9999 -9999 -9999
-9999 -9999 -9999 -9999 -9999 -9999 -9999 -9999 -9999 -9999 -9999 -9999 -9999 -9999 -9999 0.157917441379639 -9999 0.157334623798247 0.156843445954784 0.155111566185951 0.153414251342896 0.152742422396137 0.152406506480709 0.147181250395313 0.143521838130489 0.143168050435282 0.14284766008777 0.142568081136673 0.141804733343663 0.140689017551561 0.136982777666661 0.132203712578743 0.123309438747744 0.113606211398878 0.10198830356521 0.0928092306900409 0.108147296694017 0.12435902174442 0.143642570943602 0.155539075693777 0.153717023951392 0.140917664093356 0.116158150376812 0.0906629829156783 0.0646918128815389 -9999
-9999 -9999 -9999 -9999 -9999 -9999 -9999 -9999 -9999 -9999 -9999 0.166213431185292 0.16639535994299 0.166741312030823 0.168220536843423 0.164055135942275 0.157975498707064 0.157859385974946 0.15730104282979 0.156843445954784 0.15507699885676 0.153414251342896 0.152406506480709 0.147181250395313 0.143521838130489 0.143168050435282 0.14284766008777 0.142568081136673 0.141804733343663 0.140689017551561 0.136982777666661 0.132203712578743 0.123309438747744 0.113606211398878 0.10198830356521 0.0928092306900409 0.108147296694017 0.12435902174442 0.143642570943602 0.155539075693777 0.153717023951392 0.140917664093356 0.116158150376812 0.0906629829156783 0.0646918128815389 0.0578281141577228
-9999 -9999 -9999 -9999 -9999 -9999 -9999 -9999 -9999 -9999 -9999 0.16523801367129 0.166213431185292 0.166577285816593 -9999 0.170651106103774 0.166356476083879 0.158091609997134 0.157859385974946 0.157200294156228 0.156843445954784 0.154973299753281 0.151861684456948 0.14355440485862 0.140261794290235 0.147555546414468 0.151354007663265 0.150880502596978 0.150002452394655 0.148829730047334 0.144825776498164 0.139649315226463 0.138236504408621 0.137563537926443 0.128898711454484 0.121612536330377 0.130685304922442 0.140420165273451 0.15248297996098 0.159489814071886 0.157107128972007 0.146967899414801 0.128377646688492 0.114979606722632 0.10494117775271 0.0883430921502652
-9999 -9999 -9999 -9999 -9999 -9999 -9999 -9999 -9999 -9999 -9999 -9999 -9999 -9999 -9999 0.169145088522665 0.175867087418033 0.170819204661154 0.158323834500005 0.157859385974946 0.156898050058273 0.155051755328332 0.151308295707549 0.13962501960416 0.136690342618573 0.152224659439056 0.160516701398357 0.159957197404677 0.159000995659059 0.157755849822875 0.153461033778806 0.147903246023963 0.154412607271825 0.163294078601945 0.157918989898697 0.152778283242256 0.155084753949796 0.157808057483165 0.161996958717223 0.163697006240968 0.160774975053726 0.153590166280347 0.141760917200196 0.141306813445783 0.148212970024155 0.117592404446294
0.152618321199571 0.152526234907489 -9999 -9999 -9999 -9999 -9999 -9999 -9999 -9999 -9999 0.154620571482566 0.16423821112802 -9999 -9999 -9999 0.173552985152891 0.186379425467983 0.17798039317131 0.158788281583017 0.158745157622522 0.156732776472645 0.152522189001883 0.139111875526367 0.13484775827777 0.149891987923653 0.159856993344522 0.163614139441521 0.164256402081059 0.162629832183161 0.159402015709108 0.155511070403361 0.156659774241909 0.158799159430688 0.157003581764237 0.155444740528061 0.15762205133515 0.159624443900201 0.161011816513154 0.161696895956993 0.161077741653688 0.1568033998051 0.148546608224992 0.144122694288531 0.142178837330111 0.122011870145798
0.152552212438276 0.152500258818749 0.152496423452131 -9999 -9999 -9999 -9999 -9999 -9999 -9999 -9999 0.149649210995243 0.155001113972356 0.16423821112802 -9999 -9999 0.169124270639112 0.185321257479729 0.204692749246474 0.183240290130338 0.160326532298519 0.156963642085752 0.151557033581118 0.137597257571836 0.133063691517999 0.148429598058424 0.160046650998054 0.167081830482329 0.16894593642604 0.16704351238666 0.16469846810064 0.162170115978487 0.158890454999862 0.155463103325136 0.156839866311319 0.158419243751034 0.160239944054234 0.161432310458153 0.160415418686405 0.160057835521237 0.160924661544061 0.158986125261553 0.153991046932436 0.14605531384868 0.136216839475016 0.125802416474588
0.152552212438276 0.152500258818749 0.152488755122308 0.15188150925021 0.151516201034669 -9999 -9999 -9999 -9999 -9999 -9999 -9999 0.15035607257197 0.156284076071555 0.16423821112802 0.166213431185292 0.169124270639112 0.185321257479729 0.204692749246474 0.183565939145703 0.16048257533581 0.149416127512532 0.138903867333166 0.130710929391846 0.131593515555705 0.151635251218273 0.164792161795401 0.169534405392985 0.170600235942871 0.168988225921508 0.166537780915537 0.163740111454841 0.161032669967221 0.158342961822787 0.160708084221809 0.163046057185819 0.163290153588018 0.163194484768375 0.161904173993295 0.16035536989089 0.15832650757605 0.155641392594384 0.152241267984913 0.143250281772306 0.130641739454962 0.126219561023097
0.152101694576202 0.152057465526365 0.151873592888155 0.15165000625195 0.151513677450918 -9999 -9999 -9999 -9999 0.150455591659392 0.14919121275025 0.1487495855939 0.149437494335636 0.152881139709103 0.158579457190729 0.162886014869136 0.16653332546834 0.181061282753944 0.198188991315903 0.179669759927257 0.158985808011024 0.142438044471125 0.129211416407939 0.129884060352079 0.13672594413642 0.156591580760094 0.168598412986725 0.17100016772747 0.171186781217975 0.16975991716308 0.167549241935053 0.165013962214993 0.162917140510774 0.160906507122901 0.163319169032958 0.165600917512371 0.165003578509054 0.164245543941375 0.162922492431056 0.160652141657568 0.156622556428755 0.153376058705391 0.150982759652599 0.142814386996531 0.130909267692797 0.131293401122093
0.150524862350956 0.15050766112343 0.150972050524527 0.151573407553857 0.151513677450918 0.151384916997725 0.151219335775222 0.151058564743688 0.150922263341565 0.150455591659392 0.14919121275025 0.1487495855939 0.149437494335636 0.14894433944456 0.147484874052386 0.151239888321969 0.157464886384626 0.166151151061058 0.175425497754928 0.16521880030632 0.153356937631484 0.136883563332019 0.126920891384925 0.14420615425033 0.158365234251945 0.165924701959856 0.170056462287903 0.169998855360093 0.169103884889234 0.167598993066818 0.166491024436489 0.165547433399385 0.16415723966014 0.16267925356665 0.16278736677862 0.162975793884647 0.163374972439581 0.163518780181485 0.162764682885139 0.160947010882439 0.157154163045268 0.153809272954541 0.15095245045039 0.148301462973318 0.145783661594314 0.148009218035206
0.154258909725374 0.156141387358789 0.153814943086716 0.15029147699956 0.150133040643507 0.15030085704019 0.149977667677787 0.149668243623549 0.149428843971222 0.148466969209333 0.145760595798492 0.144087906326017 0.143834319326185 0.143166906410648 0.142160911233194 0.147283971309662 0.155310233754496 0.159814139527659 0.163476439733659 0.158844934355828 0.153175766910276 0.140696616903428 0.134671681590619 0.155658273446944 0.169922641208095 0.169995866475567 0.169557699753392 0.168494505747672 0.167175712604677 0.165670744834408 0.165053208508799 0.164803182886493 0.163820284989572 0.16269332266623 0.161672653690461 0.160830740967105 0.161696621006535 0.162311911102264 0.16204611187981 0.160680721844396 0.157273269949421 0.153915158923595 0.150610804077118 0.150507549845403 0.152475559182705 0.15546023004478
0.165501573874104 0.171931313891565 0.161951773108975 0.14730543426929 0.146800431513017 0.147684133821918 0.146980503393758 0.146312254571146 0.14582400168142 0.143666791339074 0.13747971384756 0.132835458122915 0.130309284694733 0.134787159100656 0.1449955480714 0.154200608211179 0.162930407831746 0.165597947374467 0.16681701041037 0.163890604530611 0.160696651185712 0.157753650699892 0.156619050329731 0.16305277616747 0.167226112657978 0.166627589252687 0.166292367923644 0.166278949668331 0.165466284559619 0.164071459924021 0.163078707072043 0.162252464121388 0.161253664762743 0.160220945073712 0.159733807367663 0.159364419118051 0.159947938496067 0.160426266251072 0.160534725073845 0.159621058452514 0.156809176168134 0.153558254722626 0.149828986054467 0.148074917735592 0.147598900862278 0.149812505129845
0.169023760864812 0.176280050508438 0.164487120605284 0.147276595234871 0.142252017894099 0.138575150601325 0.13760790276912 0.137777888967145 0.143732843860503 0.145774780261901 0.138368320561224 0.132304432651689 0.128083720803261 0.134055289770326 0.14836590665002 0.157770996132205 0.164852444202669 0.166341397550798 0.166494116187096 0.164806707251456 0.163180700232906 0.164288315080827 0.165167469170786 0.165090494578885 0.164784837634333 0.163996417676249 0.163651380808123 0.163848247739577 0.163298193245165 0.162204095432835 0.161064813213964 0.159906816097998 0.158873576791056 0.157864859988613 0.157502274359426 0.157247206616786 0.157808713374599 0.158326774354904 0.15869206142041 0.158163218007934 0.155973879079665 0.153187986102796 0.149752127066735 0.147170076206807 0.145140477245854 0.145952799868199
0.166044385683152 0.170993946252331 0.162305353629974 0.149738070945586 0.136679748133306 0.123998910909699 0.122866427946475 0.124882717046045 0.142916391934118 0.153700261346755 0.146978724387384 0.140802125055944 0.135373655826815 0.139763847954812 0.15218740076788 0.15852344709058 0.161975969710658 0.162840264939493 0.163086147558305 0.162245221195682 0.161423132304222 0.161961890997425 0.162432381222325 0.162617164273416 0.1625585176291 0.161985971994938 0.161536164581776 0.161236364033914 0.160743854218914 0.160110980272293 0.159017746967654 0.157733863399875 0.156650569169752 0.155606708939998 0.155024265810367 0.154581866197048 0.155340611694321 0.156047202406391 0.156570416785056 0.156370068269391 0.154825986152695 0.152806461818757 0.150268930821649 0.147551812712223 0.144718498472245 0.143598819451947
0.160812326496647 0.163619754775878 0.159316899795686 0.152991879851587 0.139806621016995 0.12641017691743 0.126270437432874 0.12846585435252 0.142539888620377 0.15111588758807 0.146416320435462 0.14296192868102 0.141216999821125 0.144641081652334 0.152294304101698 0.156114745524622 0.158119680900728 0.158560175568827 0.1586268712436 0.158429627937655 0.158269806734977 0.15891852494209 0.15940310445524 0.159200750051006 0.158923172662335 0.158486787349947 0.158069131114791 0.157674362582545 0.157325924884888 0.157011232068462 0.156204600007303 0.15519424071235 0.154119609104049 0.153032344195151 0.152383271965288 0.151888237364831 0.152739452738916 0.153503179069488 0.153959288712471 0.153947834285998 0.153068071892185 0.151596364955748 0.149479717737244 0.147055144271543 0.144431329061908 0.142660900229408
0.15447786450386 0.155223714728509 0.155933675266081 0.156633428988918 0.147190594625088 0.137134625546394 0.138554312529102 0.140112988650799 0.142378681129025 0.143388304018205 0.141365015939359 0.14202015726797 0.146352429063089 0.149111489615133 0.15058339315076 0.152159067892259 0.153783896277028 0.153898882289087 0.153653113351714 0.154000309926848 0.154433435009372 0.155524306720303 0.156229860359623 0.155322818506149 0.154598289439755 0.154259055372207 0.153940558673874 0.153647401880833 0.15348537554664 0.153418867818771 0.153016557856914 0.152475181366167 0.151437944702564 0.150303234256083 0.149662518693555 0.149180767516936 0.150073185322746 0.150829744435126 0.151108620628234 0.151217748801554 0.151011634257532 0.149980791393788 0.148051376304319 0.146128607373084 0.144210134302416 0.142415960469554
