Ecospace-environmental-drivers/Outputs/ASCII-for-ecospace/MOM6-ISIMIP3a/phyc-vint/2015_mo08_avg31y_phyc-vint_MOM6-ISIMIP3a.asc
NCOLS 131 
NROWS 53 
XLLCORNER -98 
YLLCORNER 23.9265270233154 
CELLSIZE 0.133587792515755 
NODATA_value -9999 
[rows 0 to 19 of 53, columns 45 to 89 of 131]
-9999 -9999 -9999 -9999 -9999 -9999 -9999 -9999 -9999 -9999 -9999 -9999 -9999 -9999 -9999 -9999 -9999 -9999 -9999 -9999 -9999 -9999 -9999 -9999 -9999 -9999 -9999 -9999 -9999 -9999 -9999 -9999 -9999 -9999 -9999 -9999 -9999 -9999 -9999 -9999 -9999 -9999 -9999 -9999 -9999
-9999 -9999 -9999 -9999 -9999 -9999 -9999 -9999 -9999 -9999 -9999 -9999 -9999 -9999 -9999 -9999 -9999 -9999 -9999 -9999 -9999 -9999 -9999 -9999 -9999 -9999 -9999 -9999 -9999 -9999 -9999 -9999 -9999 -9999 -9999 -9999 -9999 -9999 -9999 -9999 -9999 -9999 -9999 -9999 -9999
-9999 -9999 -9999 -9999 -9999 -9999 -9999 -9999 -9999 -9999 -9999 -9999 -9999 -9999 -9999 -9999 -9999 -9999 -9999 -9999 -9999 -9999 -9999 -9999 -9999 -9999 -9999 -9999 -9999 0.118464573496772 0.11682634151751 -9999 -9999 -9999 -9999 -9999 -9999 -9999 -9999 -9999 -9999 -9999 -9999 -9999 -9999
-9999 -9999 -9999 -9999 -9999 -9999 -9999 -9999 -9999 -9999 -9999 -9999 -9999 -9999 -9999 -9999 -9999 -9999 -9999 -9999 -9999 -9999 -9999 -9999 -9999 -9999 -9999 -9999 -9999 0.11859558835145 0.117194979902237 -9999 -9999 -9999 -9999 -9999 -9999 -9999 -9999 -9999 -9999 -9999 -9999 -9999 -9999
-9999 -9999 -9999 -9999 -9999 -9999 -9999 -9999 -9999 -9999 -9999 -9999 -9999 -9999 -9999 -9999 -9999 -9999 -9999 -9999 0.133614932337115 0.133058437656972 0.132613242874222 0.130016318492351 0.12777602696611 0.124048337100014 0.121636147700971 0.120434567572609 0.119581915918858 0.118792969132623 0.117411879041503 0.115380089609854 -9999 -9999 0.0957010361936785 0.0847200527186355 0.0774511198002484 0.0761108440497229 0.0823301912675942 0.0896324187276825 0.0944966326557821 0.0923548650837714 0.0820663666292544 0.0672625311680378 -9999
-9999 -9999 -9999 -9999 -9999 -9999 -9999 -9999 -9999 -9999 -9999 -9999 -9999 -9999 -9999 -9999 0.142098842128631 -9999 0.140176934099966 0.138569860208419 0.135997423000874 0.133614932337115 0.132947138961284 0.132613242874222 0.127419390745701 0.123295449201138 0.121430169911154 0.120182822788915 0.119690710258099 0.118872214228876 0.117815983391577 0.11554744238815 0.112776843290175 0.10549589162392 0.0973283130555384 0.0842789044423449 0.0725529408983646 0.0755215146608891 0.0802580771907683 0.0912109821313812 0.0974281983029458 0.0948507159708008 0.0847856812179089 0.0665627022183711 0.0504392115699668
-9999 -9999 -9999 -9999 -9999 -9999 -9999 -9999 -9999 -9999 -9999 -9999 0.143427987252512 0.143690074163098 0.14389033952067 0.144459496582708 0.1435309172638 0.142300612984165 0.141897072234461 0.140063868414971 0.138569860208419 0.135807475736064 0.133614932337115 0.132613242874222 0.127419390745701 0.123295449201138 0.121430169911154 0.120182822788915 0.119690710258099 0.118872214228876 0.117815983391577 0.11554744238815 0.112776843290175 0.10549589162392 0.0973283130555384 0.0842789044423449 0.0725529408983646 0.0755215146608891 0.0802580771907683 0.0912109821313812 0.0974281983029458 0.0948507159708008 0.0847856812179089 0.0665627022183711 0.0504392115699668
-9999 -9999 -9999 -9999 -9999 -9999 -9999 -9999 -9999 -9999 -9999 -9999 0.14202278900531 0.143427987252512 0.14395216203505 -9999 0.145135461322723 0.144030572906617 0.142704151330456 0.141897072234461 0.139724671359985 0.138569860208419 0.135237632739928 0.130923978984356 0.122502952814102 0.118243490015307 0.122769414657547 0.124431875684569 0.122594599281588 0.120675336209036 0.118696357934706 0.115106931376842 0.110850565015308 0.108503573483998 0.106531919851418 0.0952432153205718 0.08496337197721 0.0879094772521527 0.0916215797826167 0.0980269695001264 0.100880055297767 0.0971361268912592 0.0879727729385899 0.0729047687303635 0.0653718306172279
0.1295415610075 -9999 -9999 -9999 -9999 -9999 -9999 -9999 -9999 -9999 -9999 -9999 -9999 -9999 -9999 -9999 0.14496828904075 0.145961762435975 0.144621589010762 0.143511231868498 0.141897072234461 0.138707081396734 0.134640275951355 0.129055447876453 0.117117543374338 0.112666157705169 0.12401940721658 0.128846878486295 0.125698509475877 0.122638821842209 0.11964373146334 0.114633057506815 0.108787662439769 0.111631657567716 0.116183777730311 0.107007160662643 0.0984913806521123 0.101397783645699 0.103980080615128 0.105422802269459 0.1046236469861 0.0996610820293427 0.0915254150186816 0.0799325434190612 0.0815350545510169
0.131295873513145 0.133059395176749 0.133558761688971 -9999 -9999 -9999 -9999 -9999 -9999 -9999 -9999 -9999 0.131011698515184 0.14058246054957 -9999 -9999 -9999 0.145952199735949 0.146408410322282 0.145339039544905 0.145125388618438 0.144895344011245 0.13665440029675 0.127473955433215 0.11436161278717 0.108312402761752 0.1171740329554 0.122849759555632 0.124631657475425 0.123242261909669 0.119542943373803 0.114689187417107 0.109357338158354 0.107489337363551 0.106302248013596 0.104533640006858 0.103129403245065 0.105494984695988 0.107236164471795 0.106781923001812 0.105244709359061 0.101696298247383 0.0954661580824083 0.0863141805654572 0.0831216498007697
0.132060662392647 0.133156328432022 0.133961195907285 0.134020602030139 -9999 -9999 -9999 -9999 -9999 -9999 -9999 -9999 0.125745664440816 0.130631655935318 0.14058246054957 -9999 -9999 0.147621376379844 0.146807232931737 0.144796622376288 0.148068882284626 0.15062877343547 0.137537922830351 0.124380667123102 0.110945497549349 0.104248890232655 0.111777926164289 0.118416241340099 0.123965917816085 0.123886824375199 0.119707825443437 0.115134220930838 0.110397198147351 0.104813297789904 0.0990629199772112 0.103288961394179 0.10761012281141 0.10925136049909 0.110091411298321 0.108114443238704 0.106001757566006 0.10363702355854 0.0990783057866558 0.0921291662079673 0.0843258396752419
0.132096917158173 0.133156328432022 0.133961195907285 0.134139415237211 0.133502734043906 0.132968828803109 -9999 -9999 -9999 -9999 -9999 -9999 -9999 0.125296114673538 0.131700444606043 0.14058246054957 0.143427987252512 0.147621376379844 0.146807232931737 0.144796622376288 0.149988187416907 0.153922548217158 0.132357116908796 0.113178394254177 0.10398828262283 0.101742176038604 0.114155412200958 0.122369587181076 0.125451648187253 0.124751962240665 0.121297708442134 0.117665272806921 0.113959044698746 0.110002104793825 0.105995879178086 0.108635553429204 0.111247102579763 0.111179625315051 0.110796636871753 0.109304291106039 0.107488210162809 0.105070914472303 0.100927929243734 0.0949047455383885 0.0834788761792644
0.131106342519483 0.132350286889461 0.133338120195173 0.133489300166407 0.133402535751943 0.132979685741086 -9999 -9999 -9999 -9999 0.130053742037665 0.126565619822471 0.124360476770709 0.123916698078955 0.127611171093679 0.134691446779236 0.140503060192831 0.145713733569268 0.144914399231634 0.142679072916508 0.148116435495115 0.152019516594948 0.125919513164028 0.104481278167617 0.102552984991381 0.105419610777209 0.1184086912582 0.125812323103028 0.126389390518588 0.124982712970626 0.122131111160401 0.119331129616307 0.116552525470334 0.113930734895891 0.111339768815425 0.112444447173226 0.113461664847789 0.112287526890155 0.111141825154904 0.110096103001025 0.108630916524318 0.106386740842173 0.102763490330788 0.0976376915650983 0.0851533254308085
0.127548647503699 0.129529107482203 0.131157322516364 0.132298588031723 0.133301365760065 0.132979685741086 0.132524264195273 0.132118211638543 0.131717100258796 0.131341133146517 0.130053742037665 0.126565619822471 0.124360476770709 0.123916698078955 0.12389237986457 0.124211248851592 0.130265666111823 0.139036885432659 0.138289385024578 0.135267543936929 0.136766846862531 0.137124189446049 0.116339856578458 0.102047184542302 0.114922760234725 0.124557736179521 0.12735154840254 0.127978509231921 0.125957126578977 0.123627471106668 0.121073270757352 0.118833954536146 0.116725041260642 0.11470886007432 0.112710906613258 0.112409017018733 0.11212011378619 0.111344480947141 0.110586904229656 0.109892805737834 0.108914243117456 0.107407403569068 0.104563899097904 0.100264054873297 0.0931314304471016
0.125027030225723 0.128540889390053 0.131921856153396 0.131688662834706 0.130427604721438 0.130533395755676 0.130750389589417 0.130192440123327 0.129620780867915 0.128979379611631 0.12714385409509 0.122424993303514 0.11903344407197 0.117464118907529 0.116211930109609 0.115219213068485 0.121742106733784 0.131824980099355 0.131844369874847 0.129459258769789 0.128150109802523 0.126200894915288 0.113859802244171 0.107035528748266 0.123299684495695 0.133324732703547 0.130178524121161 0.126974209662407 0.123698877230767 0.120992931146776 0.118701718507274 0.11687632481898 0.115243843966915 0.11370061554255 0.112174930111054 0.111187899304974 0.110277039629798 0.10991540815561 0.109563551362484 0.109246065059016 0.108729096910646 0.107841667869399 0.105754723952663 0.102360862397378 0.0985493684007275
0.123970241315903 0.130144150026383 0.136850545723592 0.131899862039474 0.123633906485573 0.124628492661061 0.126468579374975 0.125543980829177 0.124560648154828 0.123278535421818 0.120119918257959 0.112430282658146 0.106174964577921 0.101888774623794 0.102930423232817 0.108331164044719 0.115641594173447 0.123856603618591 0.125653843966223 0.125917664458675 0.123397124871131 0.12089332890126 0.121417291462421 0.122517841717889 0.126031447562479 0.127428846013161 0.12435875736898 0.121487424258263 0.118859012761424 0.116549699056533 0.114472814865651 0.112853882053206 0.111424600645419 0.110166770075598 0.108942643528984 0.108290438209811 0.107724908378816 0.107799180813374 0.107877922634925 0.107972377250271 0.107881613075733 0.107446873860974 0.106083704098578 0.103708977420484 0.100347696773468
0.122532076893314 0.129086958304528 0.136479326794224 0.12909737926337 0.11751361431614 0.114781426325921 0.112981869809089 0.111900197642465 0.111613188539782 0.1153685212616 0.115663374143262 0.107602539802751 0.100067506394079 0.0932543280143892 0.0961052407660792 0.106863049730178 0.114070019895031 0.119595034468559 0.121294711145662 0.122080384242919 0.119576348652763 0.117296010496155 0.121560902845475 0.124580767125853 0.122390061616898 0.12010535189221 0.117622193309569 0.115413435284168 0.11354005072386 0.111762221782438 0.11005399207915 0.10875202186646 0.107618297780714 0.106675324901458 0.105769848390933 0.105486765744225 0.105292566360966 0.105741492923229 0.106178958569804 0.10657612787139 0.106825171459106 0.106799129757189 0.106049505693297 0.104511511662314 0.10184044607224
0.120772753511706 0.125789347675539 0.131644952922098 0.123757014832189 0.111960414676897 0.101614588931684 0.0917435384565784 0.0906812791382113 0.0920236620210832 0.105598122121826 0.113368881325568 0.107125999946748 0.0996452108506233 0.0904649404748794 0.0947170481085777 0.109959164694432 0.116312348794553 0.118455041079752 0.118477829762043 0.117994104421908 0.116540605502744 0.115138926332997 0.115461143514802 0.11534297081732 0.113381725165152 0.111579643141839 0.110113573891501 0.10884494646903 0.107817633017417 0.106684846262778 0.105475234168191 0.104583285268276 0.103822893192691 0.103219584591927 0.102647156244324 0.102762075201158 0.102961101839619 0.103733102160115 0.104468766479723 0.105076664638135 0.105592761308916 0.105938372592772 0.105709465761339 0.104854601765833 0.103075860008117
0.118266852632646 0.121216306522969 0.124768824346604 0.120197511007709 0.113315778153558 0.101691896155957 0.0900092507081647 0.0898450555339936 0.0913980427768923 0.101686110900294 0.107594317005527 0.10292689285932 0.0986807790975417 0.0950130702507111 0.0995044208342029 0.110671291428228 0.114524755747088 0.114914020944026 0.11410093283461 0.113000565959561 0.111902208818543 0.110812996904696 0.109854910883211 0.108781061345531 0.107222733238051 0.105883161146795 0.105005402238138 0.104246060694418 0.103631447640158 0.102930200196082 0.102165849218445 0.101593440819171 0.101100524587016 0.100762627057491 0.100455200720218 0.100886610006132 0.101383824742609 0.10225659801114 0.103096231337517 0.10381933806404 0.10450481214831 0.105120398584873 0.105254849358912 0.104865086895804 0.103771232068539
0.115395595229441 0.116019108843419 0.116893522201046 0.117509504960429 0.118051987742224 0.10825049732962 0.0978196657473041 0.0989835175775712 0.100052800390028 0.100641021565084 0.100116709547658 0.0969060702670005 0.097451041783056 0.103151964804819 0.107313931949677 0.110216765874817 0.110765037998076 0.11019800843731 0.108960611925971 0.107563042111935 0.106479519076886 0.105425699103263 0.104490195070544 0.103528651258638 0.102458126602634 0.101571218140664 0.10107193935302 0.100611040428762 0.100197050600283 0.0998228588892568 0.0994776564259683 0.0991805116495778 0.0989032704983988 0.0987944437130805 0.0987187217800848 0.0994267309865644 0.100175624172534 0.101040382539072 0.101888935171789 0.102680505523759 0.103487557941867 0.104323361189135 0.104744162530668 0.104712804719325 0.104202323382901
